r.squared	adj.r.squared	sigma	statistic	p.value	df	logLik	AIC	BIC	deviance	df.residual	nobs	model	within.r.squared	pseudo.r.squared	population
0.008683039640452755	0.006015819119306043	556050.1876324251	3.255463720232442	0.021023393450243896	3	-16388.60751650681	32787.21503301362	32812.31598655518	344748869450151.5	1115	1119	Linear model	NA	NA	all
2.1734832155091553e-4	-0.34507461441216125	NA	0.09032786021321212	0.9136405618925717	NA	NA	NA	NA	56517630176943.85	831	1119	Linear model with fixed effect	NA	NA	all
0.053919497123329774	0.05137398904384094	823213794.965071	21.18221409619652	2.3895834360451297e-13	3	-16931.018303930967	33872.03660786193	33897.13756140349	7556142617261853e5	1115	1119	Linear model assets weighted	NA	NA	all
0.7729688889956258	0.6927109175509802	468531387.88165796	NA	NA	NA	-15375.589290412789	31337.178580825577	32808.094458360974	NA	NA	1119	Linear model assets weighted with fixed effect	0.0014178660059590564	NA	all
0.01101191724137568	0.0047806691951916	556395.5613980714	1.7672089378819438	0.09022349238670384	7	-16387.29154993596	32792.58309987192	32837.76481624672	343938959046000.75	1111	1119	Event study	NA	NA	all
0.004564106274807912	-0.3522446284140519	NA	0.3773482037210826	0.9566005959724282	NA	NA	NA	NA	56271908311237.836	823	1119	Event study with fixed effects	NA	NA	all
0.05535104041918448	0.04939915678546192	824070225.1734625	NA	NA	NA	-16544.502330463696	33105.00466092739	33145.16618659389	NA	NA	1119	Event study assets weighted	NA	NA	all
0.7733346230583789	0.6920876167427308	469006328.36769503	NA	NA	NA	-15375.821145562393	31343.642291124786	32829.61874078512	NA	NA	1119	Event study assets weighted with fixed effects	0.0030265243930962527	NA	all
0.008306150147344172	0.00262851360238614	607510.6395243797	1.4629591171559724	0.22373683152249588	3	-7778.633914220886	15567.267828441773	15588.613309860304	193392248818908.16	524	528	Linear model	NA	NA	treat_a
6.687371805791796e-4	-0.3068178052253965	NA	0.26968142977240994	0.6038306305758732	NA	NA	NA	NA	41818201628028.28	403	528	Linear model with fixed effect	NA	NA	treat_a
0.005054757931162603	-6.414934547276374e-4	911290120.7281481	0.887383226042889	0.44742220425788815	3	-7969.919098389679	15949.838196779358	15971.18367819789	4351556344876427e5	524	528	Linear model assets weighted	NA	NA	treat_a
0.6717640260857469	0.564281213468989	601340633.7851269	NA	NA	NA	-7373.498913554024	15008.997827108047	15568.249440273568	NA	NA	528	Linear model assets weighted with fixed effect	9.992007221626409e-16	NA	treat_a
0.01030431765517986	-0.003018508837923539	609228.0457213792	0.7734332996465848	0.6098332548736103	7	-7778.101443051209	15574.202886102417	15612.624752655775	193002582080615.3	520	528	Event study	NA	NA	treat_a
0.005492630239033243	-0.3201646948716108	NA	0.31323106310850035	0.9479260439554447	NA	NA	NA	NA	41616340103170.79	397	528	Event study with fixed effects	NA	NA	treat_a
0.006469340075963004	-0.0069051111153222156	914137828.1085087	NA	NA	NA	-7833.780781868091	15683.561563736183	15717.714334005832	NA	NA	528	Event study assets weighted	NA	NA	treat_a
0.6717650415017835	0.5631822648268685	602098492.2156777	NA	NA	NA	-7373.476714123109	15010.953428246217	15574.474137695444	NA	NA	528	Event study assets weighted with fixed effects	3.0935549960586783e-6	NA	treat_a
0.006297602547809588	0.0029291198445817734	574886.3984655063	1.8695665386006193	0.1331141809005677	3	-13049.285597119806	26108.571194239612	26132.521680417183	292487518459467.1	885	889	Linear model	NA	NA	treat_b
1.0000278836321516e-5	-0.311656011451098	NA	0.006770256476642176	0.934447131661579	NA	NA	NA	NA	53929331302437.37	677	889	Linear model with fixed effect	NA	NA	treat_b
0.005295024524664142	0.0019231432518663771	829406799.2806399	1.5703472620406664	0.19503067360892465	3	-13485.647975303542	26981.295950607084	27005.246436784655	6088053402432657e5	885	889	Linear model assets weighted	NA	NA	treat_b
0.7101345967697998	0.6163927301513894	514196377.964122	NA	NA	NA	-12296.55714905591	25029.11429811182	26073.355495453852	NA	NA	889	Linear model assets weighted with fixed effect	1.887379141862766e-15	NA	treat_b
0.009026587769395937	0.0011527922125126322	575398.2638690505	1.146408705202513	0.3316103715807389	7	-13048.0631962727	26114.1263925454	26157.237267665027	291684265777958.9	881	889	Event study	NA	NA	treat_b
0.0034659188330377114	-0.31881112380963117	NA	0.3333885744486668	0.9387707237317298	NA	NA	NA	NA	53742954061949.27	671	889	Event study with fixed effects	NA	NA	treat_b
0.00777798009746733	-1.057362922236571e-4	830249375.7657362	NA	NA	NA	-13180.404622326883	26376.809244653767	26415.130022537876	NA	NA	889	Event study assets weighted	NA	NA	treat_b
0.7101361114635868	0.61524793270503	514963063.3528554	NA	NA	NA	-12296.507419991656	25033.014839983312	26086.836231796373	NA	NA	889	Event study assets weighted with fixed effects	5.225507323736167e-6	NA	treat_b
0.0055883267439878195	0.0023527139242828232	572118.1513290061	1.7271308575471873	0.15978522488788377	3	-13588.008097172115	27186.01619434423	27210.17056551746	301788283111870.1	922	926	Linear model	NA	NA	treat_c
0.0014509337470493587	-0.329004152926589	NA	0.5049321001236934	0.6037677883652968	NA	NA	NA	NA	54028297548355.79	695	926	Linear model with fixed effect	NA	NA	treat_c
0.021373996842420754	0.01818974737444612	832166443.2011267	6.712412785928778	1.7540217389148765e-4	3	-14032.87808517845	28075.7561703569	28099.91054153013	6384859120331928e5	922	926	Linear model assets weighted	NA	NA	treat_c
0.7276601803672902	0.6349067635358601	507455905.9314506	NA	NA	NA	-12790.282384750919	26052.564769501838	27192.651088878338	NA	NA	926	Linear model assets weighted with fixed effect	0.0015347411026456204	NA	treat_c
0.008315936567111366	7.540755169694879e-4	572576.3513168918	1.0997208903958064	0.3610203980793694	7	-13586.736371828012	27191.472743656024	27234.95061176784	300960496484200.9	918	926	Event study	NA	NA	treat_c
0.004910839298330569	-0.3398216501441691	NA	0.3390396289287603	0.970330711909718	NA	NA	NA	NA	53841093120520.086	687	926	Event study with fixed effects	NA	NA	treat_c
0.023707030690574338	0.016262530924598284	832982781.4953196	NA	NA	NA	-13721.67054879403	27459.34109758806	27497.98809146523	NA	NA	926	Event study assets weighted	NA	NA	treat_c
0.7277418934600564	0.6334224911943991	508486380.7712651	NA	NA	NA	-12790.274220045192	26058.548440090384	27213.12738217082	NA	NA	926	Event study assets weighted with fixed effects	0.001834321547525719	NA	treat_c
0.019236523211820077	0.014056434425967157	602479.1507431784	3.71355086892631	0.01149829829279423	3	-8422.264185219403	16854.528370438806	16876.274065395704	206173280181565.84	568	572	Linear model	NA	NA	cit_m22
0.0013494190828700556	-0.6673376658002375	NA	0.23106246326804786	0.7938136896641654	NA	NA	NA	NA	36893205498797.21	342	572	Linear model with fixed effect	NA	NA	cit_m22
0.05729557504086218	0.05231650237382446	932979896.2916807	11.507278337223024	2.4742127946047015e-7	3	-8632.047806011566	17274.09561202313	17295.84130698003	4944164445503593e5	568	572	Linear model assets weighted	NA	NA	cit_m22
0.7700968145128283	0.610460774738353	598158425.8781483	NA	NA	NA	-7927.139659514579	16324.279319029158	17346.32698200341	NA	NA	572	Linear model assets weighted with fixed effect	1.0115030089830057e-4	NA	cit_m22
0.02815256057601367	0.01609062427110597	601857.3150693971	2.334000102832516	0.023547897216626992	7	-8419.6522932261	16857.3045864522	16896.446837374617	204298976424234.5	564	572	Event study	NA	NA	cit_m22
0.012775361009668492	-0.6877403259385608	NA	0.43221880904362686	0.9304081548923113	NA	NA	NA	NA	36471096273030.21	334	572	Event study with fixed effects	NA	NA	cit_m22
0.06357375221713579	0.05195144063117829	933159577.837985	NA	NA	NA	-8469.089475852374	16954.178951704747	16988.972063635785	NA	NA	572	Event study assets weighted	NA	NA	cit_m22
0.7702322475794297	0.6071934531971686	600661761.5141745	NA	NA	NA	-7927.075394275463	16330.150788550925	17365.245868499318	NA	NA	572	Event study assets weighted with fixed effects	6.901781006607433e-4	NA	cit_m22
