r.squared	adj.r.squared	sigma	statistic	p.value	df	logLik	AIC	BIC	deviance	df.residual	nobs	model	within.r.squared	pseudo.r.squared	population
0.1340874381438798	0.13375072554691703	0.25664684198878807	398.2251907215556	1.643677773058683e-240	3	-452.5269179394198	915.0538358788395	949.8110363835888	508.16854559424036	7715	7719	Linear model	NA	NA	all
0.038680004561371606	-0.1697095577479637	NA	127.6095733454834	4.632175517810696e-55	NA	NA	NA	NA	145.90327425702975	6343	7719	Linear model with fixed effect	NA	NA	all
0.13695709462299815	0.13662149790023326	328.05574927447844	408.10021472990667	4.56277223200368e-246	3	-5150.622031503946	10311.244063007893	10346.001263512642	830292733.2861845	7715	7719	Linear model assets weighted	NA	NA	all
0.8263403524693457	0.7885620508531961	162.34484648285243	NA	NA	NA	4416.418844701396	-6072.8376894027915	3520.1496499080076	NA	NA	7719	Linear model assets weighted with fixed effect	4.288576006650224e-6	NA	all
0.13823879450395013	0.1374564928000891	0.2560972930123031	176.7077763242459	1.5198234354982719e-243	7	-433.9792140725775	885.958428145155	948.5213890537037	505.7322849177373	7711	7719	Event study	NA	NA	all
0.06955676355003182	-0.1335692026710109	NA	47.35829976804111	6.698125406439956e-92	NA	NA	NA	NA	141.21698846637878	6335	7719	Event study with fixed effects	NA	NA	all
0.1384590782122802	0.13767697648066124	327.8551641865351	NA	NA	NA	-525.546723755554	1067.093447511108	1122.704968318707	NA	NA	7719	Event study assets weighted	NA	NA	all
0.8266702031843157	0.7888304069734094	162.24179008826457	NA	NA	NA	4416.4089565096665	-6064.817913019333	3555.9751866952665	NA	NA	7719	Event study assets weighted with fixed effects	0.0019036895310959867	NA	all
0.11714229672504566	0.11540210414303187	0.2891284755512376	67.31570858065116	7.123297321484014e-41	3	-269.7083819119023	549.4167638238046	576.0687898830265	127.23200912011472	1522	1526	Linear model	NA	NA	treat_a
0.019514522376351404	-0.19523609382579066	NA	12.449275409964738	4.430462273746436e-6	NA	NA	NA	NA	36.4878484340568	1251	1526	Linear model with fixed effect	NA	NA	treat_a
0.056760065509192194	0.05490085407458478	374.539107584161	30.52910736921038	3.651925239846187e-19	3	-1249.6618208893597	2509.3236417787193	2535.9756678379413	213505464.61332825	1522	1526	Linear model assets weighted	NA	NA	treat_a
0.8086936904187676	0.7660448098545474	186.3480395163942	NA	NA	NA	676.4851566099785	-794.970313219957	692.2127408846313	NA	NA	1526	Linear model assets weighted with fixed effect	5.153223271751051e-4	NA	treat_a
0.12090023375742107	0.11684641401848961	0.28889234470173436	29.82378140703589	8.374802748539688e-39	7	-266.45369460754506	550.9073892150901	598.8810361216897	126.69043840378932	1518	1526	Event study	NA	NA	treat_a
0.03705579337449163	-0.1814078158518908	NA	4.783283480764107	9.109063581230248e-7	NA	NA	NA	NA	35.83506646825762	1243	1526	Event study with fixed effects	NA	NA	treat_a
0.06020951487749315	0.055875830163489404	374.3458681224262	NA	NA	NA	-283.1100016625169	582.2200033250338	624.863245019789	NA	NA	1526	Event study assets weighted	NA	NA	treat_a
0.8105894995249341	0.7676178493769303	185.72051074236106	NA	NA	NA	675.571249028904	-785.1424980578081	723.3621768941575	NA	NA	1526	Event study assets weighted with fixed effects	0.010420025196378968	NA	treat_a
0.10312019554045167	0.10178687571221645	0.30677942348013737	77.34093002797573	2.3547507275354837e-47	3	-477.84339527828104	965.6867905565621	993.7460025544642	189.9212744056854	2018	2022	Linear model	NA	NA	treat_b
0.027828596549127123	-0.1835894014302495	NA	23.75891232120799	6.707473118145372e-11	NA	NA	NA	NA	44.65922450867642	1660	2022	Linear model with fixed effect	NA	NA	treat_b
0.06544471929328013	0.06405539033286367	396.7532184310721	47.10527251491876	2.0229183806256782e-29	3	-1761.237975054808	3532.475950109616	3560.535162107518	317659668.7648655	2018	2022	Linear model assets weighted	NA	NA	treat_b
0.8538914646802694	0.8216875906514641	173.17538778019932	NA	NA	NA	981.7801667720187	-1231.5603335440373	822.3739847023953	NA	NA	2022	Linear model assets weighted with fixed effect	0.0011724044428336189	NA	treat_b
0.10746228856515337	0.10436012174288722	0.3063396697538344	34.64104115672712	7.177075091656482e-46	7	-472.936921942712	963.873843885424	1014.3804254816478	189.0018024354851	2014	2022	Event study	NA	NA	treat_b
0.049222966425526996	-0.1631479327203449	NA	8.552619348540663	9.911095969665357e-14	NA	NA	NA	NA	43.67641842721713	1652	2022	Event study with fixed effects	NA	NA	treat_b
0.0680138415474505	0.06477456492919431	396.60075766242716	NA	NA	NA	-511.8481586518021	1039.6963173036042	1084.5910565002475	NA	NA	2022	Event study assets weighted	NA	NA	treat_b
0.8550736743979033	0.8227021161974349	172.68203605154082	NA	NA	NA	980.0270391159202	-1220.0540782318403	856.3276096129139	NA	NA	2022	Event study assets weighted with fixed effects	0.00925422996469305	NA	treat_b
0.11024642710477836	0.10940252551809304	0.28971620318950814	130.63896175122125	8.799802238116906e-80	3	-568.328210748622	1146.656421497244	1176.9591217299374	265.4879181492918	3163	3167	Linear model	NA	NA	treat_c
0.03719635171187588	-0.17330113567367245	NA	50.184750504049305	4.125795492179379e-22	NA	NA	NA	NA	70.60936530485071	2598	3167	Linear model with fixed effect	NA	NA	treat_c
0.08367574682317987	0.0828066438324968	373.36225955280554	96.27828660147377	1.246430361991951e-59	3	-2685.349927653584	5380.699855307168	5411.0025555398615	440920229.0030449	3163	3167	Linear model assets weighted	NA	NA	treat_c
0.8430085464804089	0.8083905389965207	170.6508440642227	NA	NA	NA	1547.2309937123941	-1948.4619874247883	1524.2274592418516	NA	NA	3167	Linear model assets weighted with fixed effect	1.470407897250503e-4	NA	treat_c
0.11564358489638087	0.11368394738269749	0.28901897931713494	59.01274296337754	6.868423088252603e-80	7	-558.6936043418459	1135.3872086836918	1189.9320691025396	263.8774945110328	3159	3167	Event study	NA	NA	treat_c
0.06574614021992699	-0.14202614674274572	NA	18.226577432572643	1.3031642972785908e-32	NA	NA	NA	NA	68.51560252183016	2590	3167	Event study with fixed effects	NA	NA	treat_c
0.08653272703819836	0.0845085830335347	373.0156941775863	NA	NA	NA	-634.3363582930092	1284.6727165860184	1333.1570369583276	NA	NA	3167	Event study assets weighted	NA	NA	treat_c
0.8440580497131601	0.8093775233173224	170.21076359221706	NA	NA	NA	1549.5301419189404	-1945.060283837881	1551.8713230149142	NA	NA	3167	Event study assets weighted with fixed effects	0.006831155685419366	NA	treat_c
0.1933387686764986	0.19254507117109654	0.2593882834134347	243.5925114550913	1.0929221218159139e-141	3	-210.21075576090595	430.4215115218119	460.5409114854863	205.14367651354118	3049	3053	Linear model	NA	NA	cit_more_stat
0.032384448965315706	-0.5592199903684565	NA	31.69448148839698	2.887945653559669e-14	NA	NA	NA	NA	38.17129963017998	1894	3053	Linear model with fixed effect	NA	NA	cit_more_stat
0.18741564653821238	0.1866161211002375	358.9013194961856	234.4086099535764	7.509394822117185e-137	3	-1906.3195989557826	3822.639197911565	3852.7585978752395	392742169.10797834	3049	3053	Linear model assets weighted	NA	NA	cit_more_stat
0.897295410413752	0.8340633099961732	162.10577475547316	NA	NA	NA	2382.4927069792216	-2436.985413958443	4574.8108975849545	NA	NA	3053	Linear model assets weighted with fixed effect	0.0028686059462577074	NA	cit_more_stat
0.19629498467753964	0.19444738694116626	0.2590825515544617	106.24335633947794	1.5168755957752514e-139	7	-204.6062309465742	427.2124618931484	481.42738182776225	204.39187514330953	3045	3053	Event study	NA	NA	cit_more_stat
0.07291754507988822	-0.5002415972514216	NA	14.833900619176344	9.774290788918441e-26	NA	NA	NA	NA	36.572316485403185	1886	3053	Event study with fixed effects	NA	NA	cit_more_stat
0.1885671438031944	0.1867017809153857	358.8824205292007	NA	NA	NA	-232.39832184571287	480.79664369142574	528.9876836333048	NA	NA	3053	Event study assets weighted	NA	NA	cit_more_stat
0.8976309821887992	0.8343423953553634	161.96939627582404	NA	NA	NA	2379.744119753375	-2425.48823950675	4604.379712014853	NA	NA	3053	Event study assets weighted with fixed effects	0.006126582568392491	NA	cit_more_stat
0.11714271491851273	0.11602517405132096	0.24708338993687629	104.82186232068459	1.012584139313014e-63	3	-47.63662330386678	105.27324660773355	134.13490448358164	144.68897775099535	2370	2374	Linear model	NA	NA	cit_less_stat
0.06217970659310101	-0.730519095065763	NA	42.63242288575287	1.1828226238011076e-18	NA	NA	NA	NA	29.933085676189897	1286	2374	Linear model with fixed effect	NA	NA	cit_less_stat
0.12475481917012995	0.12364691387794025	311.8878210542275	112.60422713890955	3.6516325474896388e-68	3	-1333.0517200297672	2676.1034400595345	2704.9650979353823	230539410.62503058	2370	2374	Linear model assets weighted	NA	NA	cit_less_stat
0.8580061989153415	0.7369623029087473	170.8708000463408	NA	NA	NA	1837.9743428613474	-1489.9486857226948	4819.209725937693	NA	NA	2374	Linear model assets weighted with fixed effect	3.5878192087324123e-4	NA	cit_less_stat
0.11977552140422362	0.11717130697050837	0.24692315785102226	45.99295659126861	2.0854585858597295e-61	7	-44.09153119766493	106.18306239532986	158.13404657185637	144.25749455946394	2366	2374	Event study	NA	NA	cit_less_stat
0.08726255139959428	-0.6947777508049788	NA	12.21835927294197	2.003283137527297e-20	NA	NA	NA	NA	29.132498455084125	1278	2374	Event study with fixed effects	NA	NA	cit_less_stat
0.12791611993710528	0.12533599011443397	311.5871109871647	NA	NA	NA	-63.89694330387874	143.79388660775749	189.9725392091144	NA	NA	2374	Event study assets weighted	NA	NA	cit_less_stat
0.8583121221216844	0.7369128840334562	170.88685068521906	NA	NA	NA	1837.263585758099	-1482.527171516198	4843.948234869698	NA	NA	2374	Event study assets weighted with fixed effects	0.0025124917609596897	NA	cit_less_stat
