r.squared	adj.r.squared	sigma	statistic	p.value	df	logLik	AIC	BIC	deviance	df.residual	nobs	model	within.r.squared	pseudo.r.squared	population
0.00517743752065099	0.00479744418127781	0.1032525891413984	13.625074400487033	7.309992735146957e-9	3	6694.175353603423	-13378.350707206846	-13343.504270206255	83.73225712921663	7854	7858	Linear model	NA	NA	all
0.00915631357362377	-0.20102728235915412	NA	29.949842440989162	1.1289627134050029e-13	NA	NA	NA	NA	42.00502482962426	6482	7858	Linear model with fixed effect	NA	NA	all
0.0052320531225589105	0.0048520806447600595	107.88321291945442	13.76955813449306	5.9218671689837205e-9	3	3444.196871443237	-6878.393742886474	-6843.5473058858815	91411038.04464036	7854	7858	Linear model assets weighted	NA	NA	all
0.5358947630065458	0.4370986651655496	81.13835367931927	NA	NA	NA	9416.62771413188	-16073.255428263761	-6455.6388161003615	NA	NA	7858	Linear model assets weighted with fixed effect	0.002437953415883931	NA	all
0.005310795972260129	0.0044238119686684785	0.10327196955440049	5.987476606968579	5.646456890190545e-7	7	6694.702081181493	-13371.404162362986	-13308.68057576192	83.72103261081342	7850	7858	Event study	NA	NA	all
0.016363054380338936	-0.19376513465147926	NA	10.769666036850776	2.271703551789659e-18	NA	NA	NA	NA	41.69950809608332	6474	7858	Event study with fixed effects	NA	NA	all
0.00655939996397692	0.005673529365218699	107.83867741820926	NA	NA	NA	6576.612584089269	-13137.225168178538	-13081.47086897759	NA	NA	7858	Event study assets weighted	NA	NA	all
0.5368137557035362	0.43786618451694226	81.083018494101	NA	NA	NA	9412.71020014156	-16057.420400283121	-6411.926638519248	NA	NA	7858	Event study assets weighted with fixed effects	0.004413264536147099	NA	all
5.070871439659257e-4	-0.0014286641398093547	0.10254711105458303	0.26195883129000175	0.8528291715077273	3	1335.244434147702	-2660.488868295404	-2633.7491491796604	16.289144567757887	1549	1553	Linear model	NA	NA	treat_a
9.613960219931617e-4	-0.2132299791657799	NA	0.6149232428130913	0.5408422914524774	NA	NA	NA	NA	7.667637986326779	1278	1553	Linear model with fixed effect	NA	NA	treat_a
0.001149580323226485	-7.849266225643525e-4	106.01374281376181	0.5942497780779018	0.6187943947483411	3	679.540291957499	-1349.080583914998	-1322.3408647992546	17409077.267677393	1549	1553	Linear model assets weighted	NA	NA	treat_a
0.5316157460480317	0.42940944887483934	80.04866206721516	NA	NA	NA	1933.2847209885604	-3308.5694419771207	-1816.4931153186371	NA	NA	1553	Linear model assets weighted with fixed effect	8.603967982236949e-4	NA	treat_a
0.0033954799575774087	-0.001119880327404621	0.10253129997870368	0.7519842810485847	0.62784884552964	7	1337.491657703233	-2656.983315406466	-2608.8518209981276	16.242071249373915	1545	1553	Event study	NA	NA	treat_a
0.01977512178606891	-0.19788111101418981	NA	2.56210643358376	0.004561673627392951	NA	NA	NA	NA	7.523242326580948	1270	1553	Event study with fixed effects	NA	NA	treat_a
0.0074046977971811145	0.002907502253220118	105.81799149514772	NA	NA	NA	1314.4171284586564	-2612.834256917313	-2570.0507063321234	NA	NA	1553	Event study assets weighted	NA	NA	treat_a
0.5325947240712732	0.42880867067607553	80.09079283736271	NA	NA	NA	1929.8293714089587	-3293.6587428179173	-1780.1906408668387	NA	NA	1553	Event study assets weighted with fixed effects	0.0029487157488113924	NA	treat_a
0.002915873089811307	0.0014595671595626358	0.10137116677776128	2.0022393847655398	0.1116388540357331	3	1792.519665565648	-3575.039331131296	-3546.891881549326	21.10713703427916	2054	2058	Linear model	NA	NA	treat_b
0.004905685886599652	-0.20690389394532116	NA	4.180529998850277	0.015448258411633567	NA	NA	NA	NA	9.951293931832785	1696	2058	Linear model with fixed effect	NA	NA	treat_b
0.001410035967781673	-4.846933508928508e-5	105.20103560225004	0.9667678033163547	0.4074668569982207	3	933.1183527947542	-1856.2367055895083	-1828.0892560075383	22732147.709728196	2054	2058	Linear model assets weighted	NA	NA	treat_b
0.5487192624787885	0.45136851236339715	77.92016348254134	NA	NA	NA	2575.2358080534646	-4418.471616106929	-2358.078306706727	NA	NA	2058	Linear model assets weighted with fixed effect	4.404037885680223e-4	NA	treat_b
0.0051504382514880025	0.0017533909674686265	0.1013562512807618	1.5161514753465901	0.15711238025749008	7	1794.8283453465108	-3571.6566906930216	-3520.9912814454756	21.059833831062303	2050	2058	Event study	NA	NA	treat_b
0.020111825353994982	-0.1940935872315357	NA	3.4645546375542198	1.5947931964765082e-4	NA	NA	NA	NA	9.79922717668976	1688	2058	Event study with fixed effects	NA	NA	treat_b
0.005655857687440702	0.002260536225885623	105.07951641643484	NA	NA	NA	1761.0724789070086	-3506.1449578140173	-3461.1090384828653	NA	NA	2058	Event study assets weighted	NA	NA	treat_b
0.5501678536849408	0.4518336937381061	77.88712245568796	NA	NA	NA	2572.849125255391	-4405.698250510782	-2322.7869814450037	NA	NA	2058	Event study assets weighted with fixed effects	0.0036489458793523832	NA	treat_b
0.00499375957211324	0.00406903258286806	0.10298777480597911	5.400252864025404	0.0010501060914467324	3	2762.7965037794074	-5515.593007558815	-5485.18872546061	34.23772311962425	3228	3232	Linear model	NA	NA	treat_c
0.0058373003228003335	-0.2062109210127796	NA	7.8180014019160495	4.1173160614300756e-4	NA	NA	NA	NA	16.93278736715547	2663	3232	Linear model with fixed effect	NA	NA	treat_c
0.0025962699407932536	0.0016693148013330328	102.76503091764249	2.800858240351389	0.03855162448319469	3	1403.8998056804776	-2797.799611360955	-2767.3953292627502	34089783.29863897	3228	3232	Linear model assets weighted	NA	NA	treat_c
0.5171725942364361	0.41330750356446977	78.77953519792999	NA	NA	NA	3909.307004133395	-6672.61400826679	-3188.2832798125046	NA	NA	3232	Linear model assets weighted with fixed effect	5.866930828424266e-5	NA	treat_c
0.005850196498118214	0.0036916826567680028	0.103007283562117	2.7102890822597994	0.008406009911514387	7	2764.1880508751397	-5510.376101750279	-5455.648393973511	34.20825350511272	3224	3232	Event study	NA	NA	treat_c
0.019620584048317173	-0.193071899412387	NA	5.313519419184804	8.502299917981316e-8	NA	NA	NA	NA	16.69802759129469	2655	3232	Event study with fixed effects	NA	NA	treat_c
0.005297668703704073	0.003137955205231968	102.68941447818631	NA	NA	NA	2702.93715052117	-5389.87430104234	-5341.227449685212	NA	NA	3232	Event study assets weighted	NA	NA	treat_c
0.5185504325330166	0.4141003568791626	78.72628606614191	NA	NA	NA	3907.093163899216	-6660.186327798432	-3151.5321736655833	NA	NA	3232	Event study assets weighted with fixed effects	0.002912188895851431	NA	treat_c
0.11503608533218032	0.11417214399016817	0.01018803883888472	133.15265717490948	4.250629055952844e-81	3	9748.713813428049	-19487.427626856097	-19457.269074979486	0.31896552403080214	3073	3077	Linear model	NA	NA	cit_more_stat
0.1102960701505628	-0.4283555784012887	NA	118.76269358742681	2.3834030577838417e-49	NA	NA	NA	NA	0.15860577767172215	1916	3077	Linear model with fixed effect	NA	NA	cit_more_stat
0.14051378307792872	0.13967471420361488	12.431819083514505	167.46394411644405	1.5088406931657162e-100	3	8424.740312751652	-16839.480625503304	-16809.322073626692	474932.5363536485	3073	3077	Linear model assets weighted	NA	NA	cit_more_stat
0.6301562003926651	0.4046888918931647	10.341304610519682	NA	NA	NA	11054.173904508982	-19776.347809017963	-12743.373511392461	NA	NA	3077	Linear model assets weighted with fixed effect	0.0546849693714232	NA	cit_more_stat
0.10572873591547967	0.10368901651222395	0.010248145541723671	51.834941485932994	3.472587776078707e-70	7	9732.617585268785	-19447.23517053757	-19392.949777159673	0.3223201507391125	3069	3077	Event study	NA	NA	cit_more_stat
0.24835640870615494	-0.21176922789301234	NA	63.04371291128208	6.97847234539528e-111	NA	NA	NA	NA	0.13399403141818278	1908	3077	Event study with fixed effects	NA	NA	cit_more_stat
0.14001537716435553	0.13805386124390928	12.443524347381947	NA	NA	NA	9722.018074013116	-19428.036148026233	-19379.782465023658	NA	NA	3077	Event study assets weighted	NA	NA	cit_more_stat
0.6318313908967732	0.40645354213756524	10.325966135371381	NA	NA	NA	11057.309681301389	-19776.619362602778	-12725.549933851311	NA	NA	3077	Event study assets weighted with fixed effects	0.058966730386157185	NA	cit_more_stat
0.10488247386889027	0.10375606758600708	0.006521562886254744	93.11247234917492	5.5418991127879e-57	3	8631.523705609236	-17253.04741121847	-17224.15635384591	0.10139338543083072	2384	2388	Linear model	NA	NA	cit_less_stat
0.12944667103104518	-0.6034033921673574	NA	96.35416928157898	9.714190577360886e-40	NA	NA	NA	NA	0.054829001791037696	1296	2388	Linear model with fixed effect	NA	NA	cit_less_stat
0.12849289020797192	0.1273961950194752	5.388609717859901	117.16372202207481	8.899231757967736e-71	3	8343.800646662781	-16677.601293325562	-16648.710235953	69224.48142433136	2384	2388	Linear model assets weighted	NA	NA	cit_less_stat
0.807807340203667	0.6446445554346654	3.4387425754283916	NA	NA	NA	9842.642693662394	-17491.285387324788	-11152.587399784583	NA	NA	2388	Linear model assets weighted with fixed effect	4.023714394749689e-4	NA	cit_less_stat
0.20703720057386302	0.2047049570461391	0.006143313946412334	88.77169048290314	3.744121548180599e-115	7	8776.211090629871	-17534.422181259743	-17482.41827798913	0.0898219288611586	2380	2388	Event study	NA	NA	cit_less_stat
0.43250091858519246	-0.051723841100268286	NA	98.16071979340369	9.185745990442242e-151	NA	NA	NA	NA	0.03574210460852128	1288	2388	Event study with fixed effects	NA	NA	cit_less_stat
0.3745020211026716	0.3726623211647383	4.568975877361546	NA	NA	NA	8760.814507169107	-17505.629014338214	-17459.403322542115	NA	NA	2388	Event study assets weighted	NA	NA	cit_less_stat
0.8078296806156176	0.6438582667930739	3.442544895380497	NA	NA	NA	9842.273185126	-17484.546370252	-11128.513748288256	NA	NA	2388	Event study assets weighted with fixed effects	5.185643410698937e-4	NA	cit_less_stat
