r.squared	adj.r.squared	sigma	statistic	p.value	df	logLik	AIC	BIC	deviance	df.residual	nobs	model	within.r.squared	pseudo.r.squared	population
0.053521148099032086	0.05338924692582159	1178606.2366102354	405.76703600360895	2.0086054826092777e-256	3	-331549.16808268713	663108.3361653743	663148.2224105548	29903428252842028	21527	21531	Linear model	NA	NA	all
0.011227742908966809	-0.2083248209314308	NA	100.02827908632027	6.354253399665435e-44	NA	NA	NA	NA	5335856057451638	17618	21531	Linear model with fixed effect	NA	NA	all
0.2626593404955203	0.26255658479437693	1467718317.3914573	2556.153454970164	0	3	-344568.0076016285	689146.015203257	689185.9014484375	463734000935364e8	21527	21531	Linear model assets weighted	NA	NA	all
0.7596638260514441	0.7062315303104116	926362473.6909957	NA	NA	NA	-313236.7939068264	634307.5878136528	665554.4722880494	NA	NA	21531	Linear model assets weighted with fixed effect	0.017641046543976135	NA	all
0.0535592384162695	0.05325142420212259	1178692.0336545827	173.9985873124424	1.2932036960294543e-251	7	-331548.73482465826	663115.4696493165	663187.2648906414	29902224812251300	21523	21531	Event study	NA	NA	all
0.029803820115894792	-0.18616262083502466	NA	54.0968190890644	3.991725868743807e-108	NA	NA	NA	NA	5235611260555715	17610	21531	Event study with fixed effects	NA	NA	all
0.2620379406402652	0.26179793067810764	1468473090.0885413	NA	NA	NA	-338807.65472516464	677631.3094503293	677695.127442618	NA	NA	21531	Event study assets weighted	NA	NA	all
0.7644047605623479	0.7119610729646422	917284289.9577128	NA	NA	NA	-313373.4753978825	634588.950795765	665867.744266306	NA	NA	21531	Event study assets weighted with fixed effects	0.037019317355309944	NA	all
0.08043237384675439	0.07997350776583956	911961.4435150819	175.28507159737063	5.991897745057174e-109	3	-91094.02514632355	182198.0502926471	182231.56118197524	5000022130842169	6012	6016	Linear model	NA	NA	treat_a
0.02342434562104646	-0.1915015336895347	NA	59.1259998106399	4.2172271545840267e-26	NA	NA	NA	NA	942586289533547.6	4930	6016	Linear model with fixed effect	NA	NA	treat_a
0.3877204820548131	0.3874149533532435	1187017564.7166233	1269.0149241729234	0	3	-94893.73208295365	189797.4641659073	189830.97505523544	8470972322062047e6	6012	6016	Linear model assets weighted	NA	NA	treat_a
0.8062542202375773	0.7634224796445448	737667563.958056	NA	NA	NA	-86142.65649588036	174465.31299176073	181770.6868652971	NA	NA	6016	Linear model assets weighted with fixed effect	0.032057317290006715	NA	treat_a
0.08101938768619406	0.07994867126039562	911973.7528250249	75.66838962592944	1.6639999995157225e-105	7	-91092.10435071743	182202.20870143487	182262.52830222555	4996830324057292	6008	6016	Event study	NA	NA	treat_a
0.039226074096398604	-0.1741274206237633	NA	20.09533476055691	6.434946428155546e-37	NA	NA	NA	NA	927334534541447.4	4922	6016	Event study with fixed effects	NA	NA	treat_a
0.38826857570140527	0.38755583935485227	1186881058.1401544	NA	NA	NA	-93478.19697086298	186972.39394172595	187026.011364651	NA	NA	6016	Event study assets weighted	NA	NA	treat_a
0.8113282230053086	0.7694309754930783	728239834.1325426	NA	NA	NA	-86218.4734671894	174624.9469343788	181957.12951937766	NA	NA	6016	Event study assets weighted with fixed effects	0.057406740937314904	NA	treat_a
0.08418085049067024	0.08380199535435928	883555.7956922483	222.19799185076312	6.569253925882155e-138	3	-109640.86318660225	219291.7263732045	219326.17429316347	5661424961423077	7252	7256	Linear model	NA	NA	treat_b
0.025513482350507932	-0.18901777422587696	NA	77.8374884149548	4.271270838976762e-34	NA	NA	NA	NA	1306623419385359.5	5946	7256	Linear model with fixed effect	NA	NA	treat_b
0.36286971496389053	0.3626061475541955	1203220457.4573858	1376.7624585443525	0	3	-114423.25108407965	228856.5021681593	228890.95008811826	10499006630957207e6	7252	7256	Linear model assets weighted	NA	NA	treat_b
0.7647610960832878	0.7127805035483428	807696554.5760473	NA	NA	NA	-104399.672702416	211427.345404832	220480.2587700506	NA	NA	7256	Linear model assets weighted with fixed effect	0.027258229866227945	NA	treat_b
0.08555650504009117	0.08467335045058788	883135.5404740577	96.8760238093955	8.775441876142554e-136	7	-109635.40946042779	219288.81892085559	219350.82517678174	5652920918885246	7248	7256	Event study	NA	NA	treat_b
0.04071048871113005	-0.17205210582700436	NA	25.19978370678729	2.360779766076073e-47	NA	NA	NA	NA	1286246775834393.8	5938	7256	Event study with fixed effects	NA	NA	treat_b
0.3651392750348017	0.36452613691742364	1201406890.5405228	NA	NA	NA	-112291.09003468262	224598.18006936525	224653.2967412996	NA	NA	7256	Event study assets weighted	NA	NA	treat_b
0.7717715627706296	0.7211523556586255	795838164.7113923	NA	NA	NA	-104463.44343790291	211562.88687580582	220643.3585769916	NA	NA	7256	Event study assets weighted with fixed effects	0.05624737095372101	NA	treat_b
0.06543329387042546	0.06518195365362667	988496.8298141921	260.3375405013257	2.589022944660423e-163	3	-169870.10916682542	339750.21833365085	339786.8183417818	10899840335375458	11155	11159	Linear model	NA	NA	treat_c
0.017899821339082325	-0.2002490463853801	NA	83.20198508093179	1.5530361692892065e-36	NA	NA	NA	NA	2193372897504444.3	9130	11159	Linear model with fixed effect	NA	NA	treat_c
0.34298641284833264	0.3428097171278973	1280936620.5878794	1941.1132991987574	0	3	-177561.33891665502	355132.67783331004	355169.277841441	18303108672618347e6	11155	11159	Linear model assets weighted	NA	NA	treat_c
0.770556778957687	0.7194688296745422	836898206.0153338	NA	NA	NA	-161036.82971561208	326139.65943122417	341021.2227372597	NA	NA	11159	Linear model assets weighted with fixed effect	0.02750870220927415	NA	treat_c
0.06598543992469234	0.06539911565596956	988382.0072452524	112.54086423616323	4.0050445781529505e-160	7	-169866.8117999352	339751.6235998704	339817.5036145061	10893400662536864	11151	11159	Event study	NA	NA	treat_c
0.032558635120526064	-0.1833710534230617	NA	30.69952147502304	5.663360509809007e-59	NA	NA	NA	NA	2160634643753398.5	9122	11159	Event study with fixed effects	NA	NA	treat_c
0.34372565772104535	0.3433136838715294	1280445382.903911	NA	NA	NA	-174184.21412223502	348384.42824447004	348442.9882574795	NA	NA	11159	Event study assets weighted	NA	NA	treat_c
0.7772716862411521	0.7275594688751124	824741663.2961564	NA	NA	NA	-161184.49284916808	326442.98569833615	341353.8290108764	NA	NA	11159	Event study assets weighted with fixed effects	0.0559697256771976	NA	treat_c
0.06527043685681569	0.06497930431015564	1223588.970569988	224.1949160463735	1.3350797322640076e-140	3	-148741.58327240104	297493.1665448021	297529.03285162075	14420741140449836	9632	9636	Linear model	NA	NA	cit_m22
0.006007913591572238	-0.5233201451479563	NA	19.000026894929128	5.932399968662251e-9	NA	NA	NA	NA	2105012937638089	6287	9636	Linear model with fixed effect	NA	NA	cit_m22
0.2668123851516411	0.2665840252217673	1535601970.3129842	1168.3852999035962	0	3	-153672.8004353516	307355.6008707032	307391.46717752184	2271296309695888e7	9632	9636	Linear model assets weighted	NA	NA	cit_m22
0.7992775451164829	0.6921424939823801	994897527.2557769	NA	NA	NA	-139505.5980987935	285719.196197587	309778.3148115534	NA	NA	9636	Linear model assets weighted with fixed effect	0.009332572213418766	NA	cit_m22
0.065336792333954	0.06465724907952286	1223799.676762556	96.14809934160222	2.8845994496614167e-136	7	-148741.2412354637	297500.4824709274	297565.041823201	14419717427071348	9628	9636	Event study	NA	NA	cit_m22
0.024517694858904364	-0.49685810002141384	NA	15.781588780002911	2.203482033315837e-28	NA	NA	NA	NA	2065814105400577.8	6279	9636	Event study with fixed effects	NA	NA	cit_m22
0.26768993215204606	0.2671575089618782	1535001482.3155444	NA	NA	NA	-151566.61832903666	303149.2366580733	303206.6227489832	NA	NA	9636	Event study assets weighted	NA	NA	cit_m22
0.802792233380323	0.697388623764837	986384191.6519212	NA	NA	NA	-139526.63228457823	285767.26456915645	309847.90296721406	NA	NA	9636	Event study assets weighted with fixed effects	0.026679346812358173	NA	cit_m22
