r.squared	adj.r.squared	sigma	statistic	p.value	df	logLik	AIC	BIC	deviance	df.residual	nobs	model	within.r.squared	pseudo.r.squared	population
0.0012474384567035173	0.0010990574491943628	2.078905369310821	8.406995461515402	1.3983313671063747e-5	3	-43437.30393933299	86884.60787866598	86924.17432545352	87271.06726515522	20193	20197	Linear model	NA	NA	all
5.534674111871581e-4	-0.3138594136668402	NA	4.253814266604472	0.014226670445739656	NA	NA	NA	NA	15894.503637563423	15363	20197	Linear model with fixed effect	NA	NA	all
0.001680041109914667	0.0015317243725962992	1435.411976116129	11.327387186977665	2.025551871019608e-7	3	-41954.25393997249	83918.50787994498	83958.07432673253	41605809478.99948	20193	20197	Linear model assets weighted	NA	NA	all
0.7536745445668454	0.676078337157964	817.5784331040705	NA	NA	NA	-26231.902352292353	62141.804704584705	100434.21190556779	NA	NA	20197	Linear model assets weighted with fixed effect	5.682357126650661e-4	NA	all
0.0016420450340043388	0.0012958909062732449	2.0787005350407437	4.743681795064997	2.4481028155248842e-5	7	-43433.31323922922	86884.62647845843	86955.84608267601	87236.58651539107	20189	20197	Event study	NA	NA	all
0.001904339356784291	-0.3127671743634246	NA	2.929692210521789	0.0011237890272865916	NA	NA	NA	NA	15873.020308186642	15355	20197	Event study with fixed effects	NA	NA	all
0.001802421402249621	0.001456322880768357	1435.4661742132514	NA	NA	NA	-46882.032840864194	93780.06568172839	93843.37199658845	NA	NA	20197	Event study assets weighted	NA	NA	all
0.7536893984407094	0.6760345874899749	817.6336433314688	NA	NA	NA	-26231.254202049047	62146.508404098095	100462.65547315372	NA	NA	20197	Event study assets weighted with fixed effects	6.285032694071102e-4	NA	all
0.010450812210589232	0.009884492568588477	2.0007203369765643	18.453910893266055	6.612349284162217e-12	3	-11079.889995247802	22169.779990495605	22202.60609629774	20983.10674572166	5242	5246	Linear model	NA	NA	treat_a
0.0016149862451158288	-0.30815123585919757	NA	3.237623687321389	0.03935989321094375	NA	NA	NA	NA	4165.1888030572845	4003	5246	Linear model with fixed effect	NA	NA	treat_a
0.003187114446290285	0.0026166377853477085	1516.1333432214783	5.586756942911892	8.011491934595022e-4	3	-11340.73367796946	22691.46735593892	22724.293461741054	12049577368.231245	5242	5246	Linear model assets weighted	NA	NA	treat_a
0.7482987717574134	0.6697916602970571	872.3692686916748	NA	NA	NA	-6837.936723763481	16171.873447526961	24365.26945573963	NA	NA	5246	Linear model assets weighted with fixed effect	0.00144819708505306	NA	treat_a
0.010986775220278305	0.009665069879793875	2.0009420177365485	8.312575340166575	3.9677503190697524e-10	7	-11078.468932156875	22174.93786431375	22234.02485475759	20971.741803803827	5238	5246	Event study	NA	NA	treat_a
0.0061361246109074286	-0.3048350504169688	NA	2.466516635487766	0.006127344792579532	NA	NA	NA	NA	4146.326946520147	3995	5246	Event study with fixed effects	NA	NA	treat_a
0.0034146519142853604	0.002082827279577426	1516.5390145391066	NA	NA	NA	-12003.313330449198	24022.626660898397	24075.148430181813	NA	NA	5246	Event study assets weighted	NA	NA	treat_a
0.7487069585629722	0.6700795989143402	871.9888367745424	NA	NA	NA	-6833.986283038294	16169.972566076587	24383.064237770537	NA	NA	5246	Event study assets weighted with fixed effects	0.003067560142844483	NA	treat_a
0.009822832637097706	0.009360205086546669	2.0541997165384287	21.232701393153203	1.1088243989649835e-13	3	-13739.949185960708	27489.898371921416	27523.738131470232	27094.927908713948	6421	6425	Linear model	NA	NA	treat_b
0.0013518347215408962	-0.3100501968039251	NA	3.3144479014488324	0.03643568605833736	NA	NA	NA	NA	4924.432396773063	4897	6425	Linear model with fixed effect	NA	NA	treat_b
0.0010732788504044688	6.065633600682574e-4	1508.3116874977252	2.2996426573099433	0.07529548237571906	3	-13705.658692286008	27421.317384572016	27455.157144120833	14607801625.589796	6421	6425	Linear model assets weighted	NA	NA	treat_b
0.7590723847786609	0.68362244477067	848.6442689497436	NA	NA	NA	-8260.432422473797	19586.864844947595	29962.13512261492	NA	NA	6425	Linear model assets weighted with fixed effect	8.236547444344655e-4	NA	treat_b
0.011206691690505415	0.01012806411404188	2.053403442465297	10.389769309670848	4.949409839051632e-13	7	-13735.45629636144	27488.91259272288	27549.824159910753	27057.060381039315	6417	6425	Event study	NA	NA	treat_b
0.004946067048305208	-0.30747115264505775	NA	2.430151874022891	0.006936604155430721	NA	NA	NA	NA	4906.708883400789	4889	6425	Event study with fixed effects	NA	NA	treat_b
0.00140408138039827	3.147606027238403e-4	1508.5318697456057	NA	NA	NA	-14816.135595874715	29648.27119174943	29702.414807027537	NA	NA	6425	Event study assets weighted	NA	NA	treat_b
0.7591990694735696	0.6835947683162633	848.6813874974808	NA	NA	NA	-8257.956372956533	19587.912745913065	29983.48687930968	NA	NA	6425	Event study assets weighted with fixed effects	0.001349042215448737	NA	treat_b
0.006998801563959235	0.0066962110514852125	2.0747879648778875	23.129613373310452	6.493461935960624e-15	3	-21161.50613250171	42333.01226500342	42368.98789103427	42380.21550164494	9845	9849	Linear model	NA	NA	treat_c
9.411501668315465e-4	-0.3167467282062424	NA	3.519449353629106	0.029664843091162844	NA	NA	NA	NA	7915.034014563352	7472	9849	Linear model with fixed effect	NA	NA	treat_c
7.933053757166806e-4	4.888239045259812e-4	1455.146050445494	2.6054307101653387	0.05002555650372394	3	-21248.54321141512	42507.08642283024	42543.06204886109	20846295526.9115	9845	9849	Linear model assets weighted	NA	NA	treat_c
0.7432641406660276	0.6613988559366601	846.9484317174235	NA	NA	NA	-12897.573680148591	30559.147360297182	47697.935601393416	NA	NA	9849	Linear model assets weighted with fixed effect	5.236278958835605e-4	NA	treat_c
0.008004542520977343	0.007298926404489814	2.074158401028809	11.344047186483902	2.092030228436214e-14	7	-21156.515925841257	42331.031851682514	42395.78797853804	42337.291567047076	9841	9849	Event study	NA	NA	treat_c
0.0031706031129114355	-0.31521649257021034	NA	2.374065382569373	0.008391916706107177	NA	NA	NA	NA	7897.371195295822	7464	9849	Event study with fixed effects	NA	NA	treat_c
0.0010923580028400215	3.818251815840279e-4	1455.223935818935	NA	NA	NA	-22924.257708718782	45864.515417437564	45922.07641908692	NA	NA	9849	Event study assets weighted	NA	NA	treat_c
0.743406708742077	0.6614508665182175	846.8833817715465	NA	NA	NA	-12895.041574901468	30560.083149802937	47720.45676651767	NA	NA	9849	Event study assets weighted with fixed effects	0.0010786474548860614	NA	treat_c
0.002401341322611605	0.0021745971771435224	2.104763474863117	10.590532856560458	5.952660719030711e-7	3	-28557.958645001097	57125.917290002195	57163.35828677959	58471.956534270656	13199	13203	Linear model	NA	NA	cit_m22
3.916755086071657e-4	-0.5256449826514877	NA	1.6946603316732731	0.18372257387331178	NA	NA	NA	NA	8730.39332368458	8650	13203	Linear model with fixed effect	NA	NA	cit_m22
8.531443545951174e-4	6.260483195215105e-4	1457.740380264563	3.756755833798182	0.010371680329822145	3	-27291.075053290973	54592.15010658195	54629.591103359344	28047967607.534866	13199	13203	Linear model assets weighted	NA	NA	cit_m22
0.7784902990276058	0.6617268858024814	848.1055636078697	NA	NA	NA	-15997.142245896655	41110.28449179331	75241.4971540675	NA	NA	13203	Linear model assets weighted with fixed effect	0.0010732727777729156	NA	cit_m22
0.002606793640485525	0.002077672576103917	2.1048656963568466	4.926648768995136	1.4197729062252052e-5	7	-28556.598946743663	57131.197893487326	57198.59168768664	58459.914418038774	13195	13203	Event study	NA	NA	cit_m22
0.0018776123912911521	-0.5247872901192054	NA	1.6256850349197243	0.09272037077516229	NA	NA	NA	NA	8717.415427120175	8642	13203	Event study with fixed effects	NA	NA	cit_m22
0.0014999180766754883	9.702098104030776e-4	1457.4893524573445	NA	NA	NA	-30740.419686121146	61496.83937224229	61556.744967086124	NA	NA	13203	Event study assets weighted	NA	NA	cit_m22
0.7784978490943402	0.6616209909446285	848.2383010126164	NA	NA	NA	-15997.248668967099	41116.4973379342	75270.17459827484	NA	NA	13203	Event study assets weighted with fixed effects	0.0011073207829849219	NA	cit_m22
