r.squared	adj.r.squared	sigma	statistic	p.value	df	logLik	AIC	BIC	deviance	df.residual	nobs	model	within.r.squared	pseudo.r.squared	population
0.01448682563182894	0.014339660896980577	2.951228988089163	98.43951845359965	2.982281334119076e-63	3	-50256.31332050642	100522.62664101284	100562.16752372295	174978.92853136812	20090	20094	Linear model	NA	NA	all
0.025084564561202935	-0.2233170451677855	NA	206.00716622041938	4.611654579859511e-89	NA	NA	NA	NA	30574.072781364	16013	20094	Linear model with fixed effect	NA	NA	all
0.013838233759623883	0.013690972171832905	3603.476518361902	93.97042342952318	2.1616936412945606e-60	3	-63057.46338960253	126124.92677920507	126164.46766191517	260869514239.36697	20090	20094	Linear model assets weighted	NA	NA	all
0.8417406078130855	0.8013551994495456	1617.1629886348019	NA	NA	NA	-32642.453949305447	73456.9078986109	105769.71724931384	NA	NA	20094	Linear model assets weighted with fixed effect	6.495471704660583e-4	NA	all
0.01642389361241266	0.01608111591925765	2.9486207343015436	47.91412609507737	6.293442838098123e-68	7	-50236.54608245469	100491.09216490938	100562.26575378758	174635.00001924825	20086	20094	Event study	NA	NA	all
0.046339942595430665	-0.19724408206373067	NA	77.77098091518668	9.971589475118984e-157	NA	NA	NA	NA	29907.488325532464	16005	20094	Event study with fixed effects	NA	NA	all
0.014463226719158007	0.014119765730759792	3602.693135339825	NA	NA	NA	-51930.718989326546	103877.43797865309	103940.70339098926	NA	NA	20094	Event study assets weighted	NA	NA	all
0.8417961499263074	0.8013876938749949	1617.0307150208105	NA	NA	NA	-32640.0967686619	73458.1935373238	105794.72741765282	NA	NA	20094	Event study assets weighted with fixed effects	0.0010002753972860878	NA	all
0.023881484539314168	0.023299306498284045	3.1764646133786862	41.02092977786172	3.5012267372606454e-26	3	-12959.076028731091	25928.152057462183	25960.77190834066	50752.33502343645	5030	5034	Linear model	NA	NA	treat_a
0.03922870677090853	-0.20919277789997937	NA	81.64044839934171	1.7730733496410736e-35	NA	NA	NA	NA	9131.828485093154	3999	5034	Linear model with fixed effect	NA	NA	treat_a
0.026383665647654257	0.025802979961161876	3598.73641242396	45.435364193357245	5.78167041358979e-29	3	-15586.291116089706	31182.58223217941	31215.202083057888	65143045943.51354	5030	5034	Linear model assets weighted	NA	NA	treat_a
0.8280964712688026	0.7833774511506969	1696.986824882365	NA	NA	NA	-8582.78130937778	19245.56261875556	26030.491601478632	NA	NA	5034	Linear model assets weighted with fixed effect	9.697709965013068e-4	NA	treat_a
0.030137662795761102	0.02878687959631232	3.1675285928841284	22.311250841777607	6.220754819433972e-30	7	-12942.892051481978	25903.784102963957	25962.499834545215	50427.051105747734	5026	5034	Event study	NA	NA	treat_a
0.07236242292697596	-0.16983210358519907	NA	31.132679080639008	1.4959308496147517e-58	NA	NA	NA	NA	8816.902950636295	3991	5034	Event study with fixed effects	NA	NA	treat_a
0.029721729528485397	0.028370367034792454	3593.9912507634394	NA	NA	NA	-13430.917652565284	26877.835305130568	26930.02706653613	NA	NA	5034	Event study assets weighted	NA	NA	treat_a
0.8282567688370905	0.7834167671152786	1696.8328203666472	NA	NA	NA	-8582.908845332187	19251.817690664375	26056.31858391453	NA	NA	5034	Event study assets weighted with fixed effects	0.0019013523173589952	NA	treat_a
0.017186735716494813	0.016692445726075422	3.144465202821316	34.77055180081448	2.859468393207476e-22	3	-15305.991448945215	30621.98289789043	30655.454571331273	58979.90032111321	5965	5969	Linear model	NA	NA	treat_b
0.03357114419935087	-0.2175738677260448	NA	82.27533207325095	7.496894708445543e-36	NA	NA	NA	NA	10663.068614070744	4737	5969	Linear model with fixed effect	NA	NA	treat_b
0.021748987558285113	0.02125699207843168	3694.004001785264	44.2056653950734	3.0185242352761597e-28	3	-18763.423032254854	37536.84606450971	37570.31773795055	81396395096.45107	5965	5969	Linear model assets weighted	NA	NA	treat_b
0.8208642468217474	0.7740739275215952	1774.7868475264954	NA	NA	NA	-10162.217611444808	22798.435222889617	31079.32723215424	NA	NA	5969	Linear model assets weighted with fixed effect	9.984343318869549e-5	NA	treat_b
0.02225999092528803	0.021111831209884246	3.137390990256324	19.387538707936912	8.136762488344118e-26	7	-15290.545641711526	30599.09128342305	30659.34029561657	58675.447687645414	5961	5969	Event study	NA	NA	treat_b
0.05854254738227535	-0.1881197033670079	NA	29.406289769229925	1.7787198452847583e-55	NA	NA	NA	NA	10387.547261483862	4729	5969	Event study with fixed effects	NA	NA	treat_b
0.02357424879342651	0.02242763241053003	3691.7942062305056	NA	NA	NA	-15809.989305097915	31635.97861019583	31689.53328770118	NA	NA	5969	Event study assets weighted	NA	NA	treat_b
0.8209159974624962	0.7739959130590351	1775.0932466282031	NA	NA	NA	-10162.03654945842	22804.07309891684	31105.048112245968	NA	NA	5969	Event study assets weighted with fixed effects	3.8870522023581877e-4	NA	treat_b
0.019539251424972686	0.01922307575629323	2.931355161066118	61.79871938463807	1.4848918597865588e-39	3	-23213.411656662705	46436.82331332541	46472.51592374634	79939.21917611432	9303	9307	Linear model	NA	NA	treat_c
0.03444626545906451	-0.22118008339738315	NA	131.24884311504923	9.829964960224481e-57	NA	NA	NA	NA	14893.136522723826	7358	9307	Linear model with fixed effect	NA	NA	treat_c
0.03321448757741428	0.03290272185267307	3304.1210534852935	106.5366874597318	8.154920055786134e-68	3	-28977.39050535699	57964.78101071398	58000.47362113491	101562859853.39659	9303	9307	Linear model assets weighted	NA	NA	treat_c
0.8188026562846079	0.7706755772316825	1608.9628783157991	NA	NA	NA	-15339.714805053614	34587.429610107225	48536.10176260611	NA	NA	9307	Linear model assets weighted with fixed effect	2.2859215790571596e-4	NA	treat_c
0.023501730096849454	0.022766652358455763	2.9260548318763	31.971761446903564	3.65053742482923e-44	7	-23194.566683901136	46407.13336780227	46471.38006655994	79616.14917918463	9299	9307	Event study	NA	NA	treat_c
0.06027767881640711	-0.18980352665775713	NA	47.14594187169926	6.07216548972523e-92	NA	NA	NA	NA	14494.701146272515	7350	9307	Event study with fixed effects	NA	NA	treat_c
0.034804801628283366	0.03407823249304276	3302.112356674548	NA	NA	NA	-24257.222511845823	48530.445023691645	48587.55320036513	NA	NA	9307	Event study assets weighted	NA	NA	treat_c
0.8188504314064636	0.7706424645807551	1609.0790349432618	NA	NA	NA	-15343.694346755516	34601.388693511035	48571.47641226247	NA	NA	9307	Event study assets weighted with fixed effects	4.921953645427024e-4	NA	treat_c
0.02012778202213835	0.019799443291664498	2.999466583934022	61.30188172769687	3.1784740559684165e-39	3	-22546.109520632344	45102.21904126469	45137.71999440707	80548.34850318906	8953	8957	Linear model	NA	NA	cit_m22
0.03629675489348978	-0.5324798052510487	NA	106.06134440148412	6.086856450535739e-46	NA	NA	NA	NA	10242.693445286703	5632	8957	Linear model with fixed effect	NA	NA	cit_m22
0.01434020456117007	0.014009926510648918	3715.9795736638116	43.41858182382814	7.5620401160114975e-28	3	-27454.62352688607	54919.24705377214	54954.74800691452	123627538029.96147	8953	8957	Linear model assets weighted	NA	NA	cit_m22
0.8797310038156289	0.8085784379194547	1637.3158826640436	NA	NA	NA	-13255.211533155627	33170.423066311254	56814.05785913365	NA	NA	8957	Linear model assets weighted with fixed effect	6.789661860784335e-5	NA	cit_m22
0.020137820495857904	0.01937136220369906	3.0001214880498424	26.2738634337665	7.004009090650511e-36	7	-22546.063639614382	45110.127279228764	45174.02899488504	80547.52331142963	8949	8957	Event study	NA	NA	cit_m22
0.06037183138639896	-0.49632110208097613	NA	36.1346318744435	3.1823335440235107e-69	NA	NA	NA	NA	9986.812156683733	5624	8957	Event study with fixed effects	NA	NA	cit_m22
0.014809110856115582	0.014038484392375872	3715.925759088773	NA	NA	NA	-23221.763296402525	46459.52659280505	46516.328117832854	NA	NA	8957	Event study assets weighted	NA	NA	cit_m22
0.8799802651739821	0.8088732672294068	1636.0544920303803	NA	NA	NA	-13255.572910842046	33177.14582168409	56842.081186391915	NA	NA	8957	Event study assets weighted with fixed effects	0.0021402880266794266	NA	cit_m22
