r.squared	adj.r.squared	sigma	statistic	p.value	df	logLik	AIC	BIC	deviance	df.residual	nobs	model	within.r.squared	pseudo.r.squared	population
0.016274521028401885	0.015776936061800195	551699.7117779152	32.70701914398566	5.838235970845556e-21	3	-86884.60523481449	173779.21046962898	173812.6535811642	1805233724388675.8	5931	5935	Linear model	NA	NA	all
0.014053644827535768	-0.2833089869693799	NA	32.49191319213869	9.740137536757118e-15	NA	NA	NA	NA	347672700013693.6	4559	5935	Linear model with fixed effect	NA	NA	all
0.016778746724502157	0.01628141680377615	793559606.2713283	33.737657891174685	1.2956001150547534e-21	3	-90891.5735378649	181793.1470757298	181826.590187265	37349692496723543e5	5931	5935	Linear model assets weighted	NA	NA	all
0.7148853679167781	0.6285685561401013	487622176.6391902	NA	NA	NA	-82026.60510918117	166813.21021836234	176043.50900208275	NA	NA	5935	Linear model assets weighted with fixed effect	0.0070613095989612296	NA	all
0.018965877587005884	0.017807241032780974	551130.3810213654	16.369134495064902	1.6920024007851217e-21	7	-86876.4753795616	173770.9507591232	173831.1483598866	1800294818435945	5927	5935	Event study	NA	NA	all
0.022696418553159847	-0.2742956388278508	NA	10.569018961591713	6.59794160678267e-18	NA	NA	NA	NA	344625012417880.6	4551	5935	Event study with fixed effects	NA	NA	all
0.020820283129533435	0.019663836694896464	792194143.0604163	NA	NA	NA	-88124.7769961883	176265.5539923766	176319.06297083295	NA	NA	5935	Event study assets weighted	NA	NA	all
0.7155927239068094	0.6291644086273362	487230896.48372346	NA	NA	NA	-82024.76504952266	166817.5300990453	176074.58337199388	NA	NA	5935	Event study assets weighted with fixed effects	0.00952474378070467	NA	all
0.06982388728659453	0.06742033143978976	562502.8005530329	29.050245443399948	4.107891711021824e-18	3	-17075.836321285376	34161.67264257075	34186.97502440075	367351314131435.9	1161	1165	Linear model	NA	NA	treat_a
0.010732439396903227	-0.2938285848786568	NA	4.827749055786639	0.008215364879616082	NA	NA	NA	NA	85456436348542.03	890	1165	Linear model with fixed effect	NA	NA	treat_a
0.01920585866314746	0.016671506876747344	824721592.3738334	7.578213398080776	5.07284873284301e-5	3	-17943.77545838595	35897.5509167719	35922.8532986019	7896723834209801e5	1161	1165	Linear model assets weighted	NA	NA	treat_a
0.6567553029529969	0.549055499590619	558495400.4167335	NA	NA	NA	-16266.265819614226	33090.53163922845	34502.4045453424	NA	NA	1165	Linear model assets weighted with fixed effect	0.02736780508945802	NA	treat_a
0.07095710143071494	0.06533627144801413	563130.9696069409	12.623954406928767	1.117632379860547e-15	7	-17075.126241067082	34168.252482134165	34213.79676942816	366903777692534.5	1157	1165	Event study	NA	NA	treat_a
0.02851891546126607	-0.2820906829966965	NA	2.5892097990543843	0.004263906501777539	NA	NA	NA	NA	83919977537811.17	882	1165	Event study with fixed effects	NA	NA	treat_a
0.01993824670720712	0.014008746039057107	825837471.6136531	NA	NA	NA	-17392.122119790914	34800.24423958183	34840.728050509824	NA	NA	1165	Event study assets weighted	NA	NA	treat_a
0.6672559972155074	0.5608684589102615	551131671.8580422	NA	NA	NA	-16288.382153810455	33142.764307620906	34574.87911919886	NA	NA	1165	Event study assets weighted with fixed effects	0.05712300129932546	NA	treat_a
0.041638437099729475	0.03974941956444633	553596.8778229739	22.042377226260236	5.667462447787082e-14	3	-22343.414634228313	44696.829268456626	44723.48129451585	466446583771994.6	1522	1526	Linear model	NA	NA	treat_b
0.009136657668667355	-0.2981671796007579	NA	5.366567250992542	0.004786403433272954	NA	NA	NA	NA	97567566022951.31	1164	1526	Linear model with fixed effect	NA	NA	treat_b
0.01732811462057613	0.015391179235465513	795570064.4496943	8.94615006457071	7.095314613409401e-6	3	-23452.252447056184	46914.50489411237	46941.15692017159	9633220891766028e5	1522	1526	Linear model assets weighted	NA	NA	treat_b
0.6836595198023003	0.5841213514642309	517046835.1357711	NA	NA	NA	-21193.05269789433	43118.10539578866	45069.033703323716	NA	NA	1526	Linear model assets weighted with fixed effect	0.02539216558183821	NA	treat_b
0.04340769990630617	0.038996536467139076	553813.8587214518	9.840419767919768	4.773455858131549e-12	7	-22342.004732996094	44702.00946599219	44749.983112898786	465585461389931.2	1518	1526	Event study	NA	NA	treat_b
0.024583162734060873	-0.28677394189494554	NA	2.9134350602589048	0.0013066323489787106	NA	NA	NA	NA	96046591496589.56	1156	1526	Event study with fixed effects	NA	NA	treat_b
0.018848721308566407	0.014324308297472887	796000966.9393749	NA	NA	NA	-22742.315014803775	45500.63002960755	45543.27327130231	NA	NA	1526	Event study assets weighted	NA	NA	treat_b
0.6921835813937522	0.5939273024441802	510914781.2363092	NA	NA	NA	-21221.13900349097	43182.27800698194	45154.52793536437	NA	NA	1526	Event study assets weighted with fixed effects	0.051653797361938536	NA	treat_b
0.03450244943326512	0.03328951281195014	565942.1887468783	28.44538521382891	4.549059868661974e-18	3	-35077.122628291785	70164.24525658357	70193.14468215892	764853859676613.9	2388	2392	Linear model	NA	NA	treat_c
0.023486936515746997	-0.2807694650525776	NA	21.923252677969295	3.904356156303359e-10	NA	NA	NA	NA	170802501976824.06	1823	2392	Linear model with fixed effect	NA	NA	treat_c
0.04082051808937102	0.039615518740237055	800539114.6961689	33.87596691957476	1.9462481916198247e-21	3	-36837.781949457596	73685.56389891519	73714.46332449054	15303805434905596e5	2388	2392	Linear model assets weighted	NA	NA	treat_c
0.6781205230510213	0.57667006084433	531495365.3399146	NA	NA	NA	-33350.73008857602	67849.46017715204	71167.11423320252	NA	NA	2392	Linear model assets weighted with fixed effect	0.03255407368353691	NA	treat_c
0.036850615317972464	0.03402257601731207	565727.5691269281	13.030446680627195	1.4912740689862818e-16	7	-35074.2103194244	70166.4206388488	70218.43960488444	762993675009107.4	2384	2392	Event study	NA	NA	treat_c
0.03862904831845668	-0.266467187587091	NA	7.292889656730928	2.1185898480075285e-11	NA	NA	NA	NA	168153985865951.53	1815	2392	Event study with fixed effects	NA	NA	treat_c
0.04568903437071059	0.04288694680384608	799174484.0578208	NA	NA	NA	-35677.75625204365	71371.5125040873	71417.75158500786	NA	NA	2392	Event study assets weighted	NA	NA	treat_c
0.6825802715241969	0.5818454155450989	528236517.3803516	NA	NA	NA	-33358.726098168314	67871.45219633663	71206.44590773233	NA	NA	2392	Event study assets weighted with fixed effects	0.04595836256105845	NA	treat_c
0.03262052712939661	0.031548044343508885	575915.6784369176	30.415898099846746	2.467243829860206e-19	3	-39787.9937637592	79585.9875275184	79615.51104708777	897523018619545.6	2706	2710	Linear model	NA	NA	cit_m22
0.020443151550467335	-0.6637112868023722	NA	16.64366227167221	7.016848726337705e-8	NA	NA	NA	NA	170118701787700.2	1595	2710	Linear model with fixed effect	NA	NA	cit_m22
0.023247108825062	0.022164234222872392	860098759.1788876	21.467960166447423	9.698472105813528e-14	3	-41364.42162327662	82738.84324655324	82768.3667661226	20018172832141138e5	2706	2710	Linear model assets weighted	NA	NA	cit_m22
0.7316467193096301	0.5427867689369734	588131928.3572127	NA	NA	NA	-37533.17397833236	77306.34795666471	83919.61634020331	NA	NA	2710	Linear model assets weighted with fixed effect	0.006439076381664188	NA	cit_m22
0.03384309604506991	0.031340098884564904	575977.5052634355	13.521028540936015	2.83511458758088e-17	7	-39786.280239130065	79590.56047826013	79643.702813485	896388733910764.6	2702	2710	Event study	NA	NA	cit_m22
0.03234399853655833	-0.6517833068459129	NA	5.304563357214635	1.0000378139460122e-7	NA	NA	NA	NA	168051893064294	1587	2710	Event study with fixed effects	NA	NA	cit_m22
0.02650575310613812	0.02398374728516961	859298169.92739	NA	NA	NA	-40209.145898654475	80434.29179730895	80481.52942861994	NA	NA	2710	Event study assets weighted	NA	NA	cit_m22
0.7325386781747607	0.5434450404382021	587708395.1879969	NA	NA	NA	-37531.738688081525	77309.47737616305	83940.459871443265	NA	NA	2710	Event study assets weighted with fixed effects	0.009741497248622943	NA	cit_m22
