r.squared	adj.r.squared	sigma	statistic	p.value	df	logLik	AIC	BIC	deviance	df.residual	nobs	model	within.r.squared	pseudo.r.squared	population
0.019436360801149872	0.018797001766679755	1272700.5007329409	30.399759373481302	1.8727150748942474e-19	3	-71263.0915995192	142536.1831990384	142568.35768878186	7452545963567605	4601	4605	Linear model	NA	NA	all
0.0020364960327583547	-0.3310034682112344	NA	3.5221650276464516	0.02964161025248404	NA	NA	NA	NA	817613522748420.4	3452	4605	Linear model with fixed effect	NA	NA	all
0.10849488093888764	0.10791359092428565	1738416152.8428476	186.64501060316888	3.249463098083628e-114	3	-73101.69619351072	146213.39238702145	146245.5668767649	13904639404859128e6	4601	4605	Linear model assets weighted	NA	NA	all
0.8523999824865871	0.8028574178614003	817222861.7275687	NA	NA	NA	-66185.42458338794	134686.84916677588	142138.4609913582	NA	NA	4605	Linear model assets weighted with fixed effect	0.0027559106041568082	NA	all
0.02054628662544415	0.01905484090135834	1272533.2705282494	13.776087385305182	9.201189562839405e-18	7	-71260.48386292926	142538.96772585853	142596.88180739674	7444110230392282	4597	4605	Event study	NA	NA	all
0.01108395884775839	-0.32200042202814183	NA	3.860100623628617	3.192571941404774e-5	NA	NA	NA	NA	810201099433635.4	3444	4605	Event study with fixed effects	NA	NA	all
0.10887678310096727	0.10751984106957868	1738799762.314913	NA	NA	NA	-72082.43043929289	144180.86087858578	144232.3400621753	NA	NA	4605	Event study assets weighted	NA	NA	all
0.8545572620321586	0.8055695802543724	811581977.152031	NA	NA	NA	-66182.06725410544	134686.13450821087	142157.05102663927	NA	NA	4605	Event study assets weighted with fixed effects	0.017331344348941458	NA	all
0.00604296707035461	0.004885857602450416	1277411.5578717955	5.222467915071371	0.0013547216669207679	3	-39950.03277870886	79910.06555741772	79939.34521841632	4205097802651321.5	2577	2581	Linear model	NA	NA	treat_a
6.431884286826911e-4	-0.29564852957487364	NA	0.640384374358779	0.5271983706975572	NA	NA	NA	NA	370918250147552.3	1990	2581	Linear model with fixed effect	NA	NA	treat_a
0.019767669719282555	0.01862653778647616	1712453238.2295368	17.32286088135951	3.900935373852594e-11	3	-40823.60939047483	81657.21878094965	81686.49844194825	7557042431977524e6	2577	2581	Linear model assets weighted	NA	NA	treat_a
0.8736409124076465	0.8357650146154801	700542365.119262	NA	NA	NA	-36822.90574035501	74837.81148071002	78327.94707174231	NA	NA	2581	Linear model assets weighted with fixed effect	8.075046480195969e-4	NA	treat_a
0.007263111674789499	0.004562311745416769	1277619.2062261484	2.6892446181587104	0.008924243042285755	7	-39948.44763588122	79914.89527176243	79967.5986615599	4199935781331443	2573	2581	Event study	NA	NA	treat_a
0.012527799629922365	-0.28540780875620597	NA	2.514511178866729	0.005275264307390776	NA	NA	NA	NA	366507193816714.25	1982	2581	Event study with fixed effects	NA	NA	treat_a
0.020353444640747287	0.017688257743151192	1713271671.2178335	NA	NA	NA	-40390.94418746927	80797.88837493854	80844.73583253629	NA	NA	2581	Event study assets weighted	NA	NA	treat_a
0.8755117029192071	0.8379516617212687	695863179.5669777	NA	NA	NA	-36815.08697738684	74828.17395477368	78335.87734240513	NA	NA	2581	Event study assets weighted with fixed effects	0.015600899212227848	NA	treat_a
0.003152680244612148	0.002393659442767815	1306651.66208181	4.153615074780605	0.006010587811652109	3	-61137.559527165795	122285.11905433159	122316.51880791021	6726913950123356	3940	3944	Linear model	NA	NA	treat_b
0.0012978191768399352	-0.2945045032826168	NA	1.9765481700926526	0.1387245434510635	NA	NA	NA	NA	695153730542073.5	3042	3944	Linear model with fixed effect	NA	NA	treat_b
0.013308854653138908	0.012557566979016777	1718170747.9275649	17.714725146652874	2.026818937062663e-11	3	-62701.18982383159	125412.37964766318	125443.7794012418	11631316232993832e6	3940	3944	Linear model assets weighted	NA	NA	treat_b
0.8413554313958826	0.7940284708574136	784718740.4179275	NA	NA	NA	-56679.54157816395	115173.0831563279	120868.99845548824	NA	NA	3944	Linear model assets weighted with fixed effect	4.994093099525143e-4	NA	treat_b
0.0045255800602712355	0.00275517331749231	1306414.887570371	2.5562374740888516	0.012596801929899681	7	-61134.8417343404	122287.6834686808	122344.2030251223	6717649362920228	3936	3944	Event study	NA	NA	treat_b
0.010416286083222934	-0.28606743044622673	NA	3.1935662978338777	4.3059783804341115e-4	NA	NA	NA	NA	688806757031336.75	3034	3944	Event study with fixed effects	NA	NA	treat_b
0.014273449146973816	0.0125203785534852	1718203101.94699	NA	NA	NA	-61895.30665743829	123806.61331487658	123856.85292060237	NA	NA	3944	Event study assets weighted	NA	NA	treat_b
0.8426698343039354	0.7955330114240005	781847457.3744019	NA	NA	NA	-56673.25738750027	115166.51477500054	120881.26992630804	NA	NA	3944	Event study assets weighted with fixed effects	0.00878047745217092	NA	treat_b
0.009779468816682282	0.009049755823916317	1300270.555720006	13.4018016859126	1.0587301121187665e-8	3	-63148.36144186318	126306.72288372635	126338.28601385473	6882854022072796	4071	4075	Linear model	NA	NA	treat_c
0.0012248069598301897	-0.30333444472954896	NA	1.9142682733992424	0.14762271397466029	NA	NA	NA	NA	731573187567444.75	3122	4075	Linear model with fixed effect	NA	NA	treat_c
0.048227356412496494	0.04752597642459122	1724973646.9625921	68.76066788921209	2.2644961636973537e-43	3	-64761.53911655773	129533.07823311546	129564.64136324383	12113399250734499e6	4071	4075	Linear model assets weighted	NA	NA	treat_c
0.8423161086334546	0.7939030563274604	802401386.0700744	NA	NA	NA	-58595.628383619216	119107.25676723843	125154.75249983504	NA	NA	4075	Linear model assets weighted with fixed effect	1.9729951021385528e-4	NA	treat_c
0.011362547763806356	0.009660934248769792	1299869.5164715827	6.677513820500406	6.972175657815292e-8	7	-63145.10145648787	126308.20291297574	126365.01654720682	6871850310318354	4067	4075	Event study	NA	NA	treat_c
0.008057377181273325	-0.29774381675128203	NA	2.5294479706081345	0.004935601350645624	NA	NA	NA	NA	726568532655094.25	3114	4075	Event study with fixed effects	NA	NA	treat_c
0.049633614754074795	0.04799787226656027	1724546281.6382828	NA	NA	NA	-63917.44110903021	127850.88221806042	127901.38322626583	NA	NA	4075	Event study assets weighted	NA	NA	treat_c
0.8434747940538956	0.7952203953036514	799832863.8958614	NA	NA	NA	-58594.5530663408	119111.1061326816	125177.53974335524	NA	NA	4075	Event study assets weighted with fixed effects	0.007544003110279696	NA	treat_c
0.018089114023742515	0.016768749766490676	1292069.4711026577	13.700093685808396	7.441163879181732e-9	3	-34619.69989106923	69249.39978213845	69277.9597646737	3724528489004924.5	2231	2235	Linear model	NA	NA	cit_m22
0.0014557350007479396	-0.6848549003084057	NA	0.9651015025316312	0.38121235558035943	NA	NA	NA	NA	285463346527155.06	1324	2235	Linear model with fixed effect	NA	NA	cit_m22
0.10165186308408439	0.10044386469289313	1838121930.9056234	84.14900535077643	1.409721093599766e-51	3	-35396.47895582532	70802.95791165064	70831.51789418588	7537862371546841e6	2231	2235	Linear model assets weighted	NA	NA	cit_m22
0.9011621419258935	0.8325975929207324	792941286.2533566	NA	NA	NA	-31743.966576292205	65319.93315258441	70552.12195304007	NA	NA	2235	Linear model assets weighted with fixed effect	0.0012803176117309745	NA	cit_m22
0.01988448923444725	0.016803748967110677	1292046.4745791762	6.454451693078716	1.5095034421066884e-7	7	-34617.65472759814	69253.30945519629	69304.71742375972	3717718373936207.5	2227	2235	Event study	NA	NA	cit_m22
0.020904512890844235	-0.6620815487856033	NA	2.809770786052448	0.0018825094556766306	NA	NA	NA	NA	279903339407816.9	1316	2235	Event study with fixed effects	NA	NA	cit_m22
0.10384949797832121	0.10103268005548705	1837520249.944735	NA	NA	NA	-34933.2662753133	69882.5325506266	69928.22852268297	NA	NA	2235	Event study assets weighted	NA	NA	cit_m22
0.9029045854316298	0.8351738935062774	786815998.0296655	NA	NA	NA	-31735.02356210723	65308.04712421446	70557.37191419127	NA	NA	2235	Event study assets weighted with fixed effects	0.01888705918360578	NA	cit_m22
