r.squared	adj.r.squared	sigma	statistic	p.value	df	logLik	AIC	BIC	deviance	df.residual	nobs	model	within.r.squared	pseudo.r.squared	population
1.1726347570281792e-4	-8.64477779185524e-5	2.089545145245011	0.5756357276208242	0.630977797915403	3	-31752.029033817555	63514.05806763511	63552.045935727554	64292.27900890023	14725	14729	Linear model	NA	NA	all
3.241498513814962e-4	-0.31881278403698077	NA	1.809991178783175	0.16370360171950274	NA	NA	NA	NA	11965.981446480311	11164	14729	Linear model with fixed effect	NA	NA	all
0.006413805410811056	0.006211376984069483	1450.1782905727646	31.68431190251578	2.0888023587748107e-20	3	-30912.127496379413	61834.254992758826	61872.24286085127	30966926421.25483	14725	14729	Linear model assets weighted	NA	NA	all
0.7381401608508782	0.6543891288656452	855.2007762840896	NA	NA	NA	-19369.02251312007	45878.04502624014	73001.38284424781	NA	NA	14729	Linear model assets weighted with fixed effect	6.318258559143697e-4	NA	all
6.827877025104635e-4	2.0760120118035186e-4	2.0892379349089105	1.43688362484849	0.1853965492651573	7	-31747.862563843537	63513.725127687074	63582.10329025348	64255.91590345991	14721	14729	Event study	NA	NA	all
0.0012048379183217251	-0.31859583606480446	NA	1.345738578547326	0.19937875185019313	NA	NA	NA	NA	11955.43973231683	11156	14729	Event study with fixed effects	NA	NA	all
0.006579269599061854	0.006106886940763667	1450.254526708874	NA	NA	NA	-34226.71582726174	68469.43165452348	68530.2122434714	NA	NA	14729	Event study assets weighted	NA	NA	all
0.7382103605441085	0.6543888660894255	855.2011013988401	NA	NA	NA	-19368.53994944501	45883.07989889002	73029.21043775315	NA	NA	14729	Event study assets weighted with fixed effects	8.99737649784571e-4	NA	all
0.001359525052981401	6.353477687559561e-4	1.991084910612111	1.8773373352014555	0.13113121146123974	3	-8725.646018658894	17461.292037317788	17492.935500235515	16400.80190468256	4137	4141	Linear model	NA	NA	treat_a
0.0014011968857843564	-0.31327796851742473	NA	2.2085785516131207	0.11002688854868159	NA	NA	NA	NA	3301.7025491586282	3148	4141	Linear model with fixed effect	NA	NA	treat_a
0.011522583528691932	0.010805776120083377	1555.004317838439	16.074866680100218	2.180715011554887e-10	3	-9085.671176360618	18181.342352721236	18212.985815638964	10003424978.688734	4137	4141	Linear model assets weighted	NA	NA	treat_a
0.7472027913191468	0.6671181794088002	902.060887058598	NA	NA	NA	-5411.531814001283	12817.063628002566	19126.770133797498	NA	NA	4141	Linear model assets weighted with fixed effect	0.0020350018078792997	NA	treat_a
0.0022378831537763566	5.479884482540998e-4	1.9911719339140654	1.324273723364747	0.23417686122937864	7	-8723.824101003087	17465.648202006174	17522.606435258083	16386.376515792457	4133	4141	Event study	NA	NA	treat_a
0.0038608907107200866	-0.3133808638400062	NA	1.2170184584270192	0.2743527078426191	NA	NA	NA	NA	3293.5699764511164	3140	4141	Event study with fixed effects	NA	NA	treat_a
0.011637732273944934	0.00996375795164095	1555.6659995088726	NA	NA	NA	-9440.573301777084	18897.146603554167	18947.77614422253	NA	NA	4141	Event study assets weighted	NA	NA	treat_a
0.7479550761350334	0.6676859921016045	901.2912141627842	NA	NA	NA	-5409.062014233661	12820.124028467322	19155.145304596437	NA	NA	4141	Event study assets weighted with fixed effects	0.005004789009422139	NA	treat_a
0.002979857498275691	0.0023741344469380143	2.039305392226192	4.919504865623418	0.002054807208704357	3	-10532.108363771775	21074.21672754355	21106.744354476294	20535.988891882822	4938	4942	Linear model	NA	NA	treat_b
0.0011529804032715417	-0.31713454065317204	NA	2.1626022235130757	0.11516895843073306	NA	NA	NA	NA	3862.361185918722	3747	4942	Linear model with fixed effect	NA	NA	treat_b
0.003509702453373032	0.002904301300549972	1543.9849645129184	5.797317096287833	5.950242400034091e-4	3	-10683.023826007346	21376.04765201469	21408.575278947435	11771646699.82999	4938	4942	Linear model assets weighted	NA	NA	treat_b
0.7476773405044199	0.6668288988328002	892.5001700538749	NA	NA	NA	-6404.660235817658	15209.320471635316	23015.95093549358	NA	NA	4942	Linear model assets weighted with fixed effect	9.181568585269195e-4	NA	treat_b
0.00494793572029924	0.003536228292257526	2.0381172941281056	3.504930003210957	9.354776843334193e-4	7	-10527.22588727088	21072.45177454176	21131.0015030207	20495.451664215165	4934	4942	Event study	NA	NA	treat_b
0.00378746467500615	-0.3164712856487817	NA	1.4215169873593798	0.16391505756740202	NA	NA	NA	NA	3852.1741106244826	3739	4942	Event study with fixed effects	NA	NA	treat_b
0.003914284545212365	0.002501110648134186	1544.2970997409125	NA	NA	NA	-11343.522756322462	22703.045512644923	22755.08971573731	NA	NA	4942	Event study assets weighted	NA	NA	treat_b
0.7479084103591901	0.6668669311539872	892.4492280277547	NA	NA	NA	-6403.731408106313	15213.462816212626	23039.609856230538	NA	NA	4942	Event study assets weighted with fixed effects	0.0018330873560882255	NA	treat_b
0.0028480812445375956	0.0024532738331258797	2.0810873445585396	7.213849492728276	7.854728311128214e-5	3	-16311.015516396219	32632.031032792438	32666.69803477272	32815.41520686034	7577	7581	Linear model	NA	NA	treat_c
0.0012611711211908403	-0.3225786727640414	NA	3.614029658685028	0.02700455441647416	NA	NA	NA	NA	6233.071576058665	5724	7581	Linear model with fixed effect	NA	NA	treat_c
0.004788733895639107	0.004394694856663994	1473.7499620192068	12.152942784797828	6.242349847623662e-8	3	-16556.516212915296	33123.03242583059	33157.699427810876	16456781428.329575	7577	7581	Linear model assets weighted	NA	NA	treat_c
0.7336028263041818	0.6469771719205766	877.5696613624765	NA	NA	NA	-10018.747149859231	23759.494299718463	36662.55243677924	NA	NA	7581	Linear model assets weighted with fixed effect	0.0011190319329010823	NA	treat_c
0.0042418079945996424	0.0033213923939080514	2.0801816106561586	4.608578984767487	3.725638423282186e-5	7	-16305.713799997831	32629.427599995663	32691.82820356017	32769.54885377216	7573	7581	Event study	NA	NA	treat_c
0.0027735720681364294	-0.3224241294127932	NA	1.5897831723480376	0.10291700794092166	NA	NA	NA	NA	6223.632768753448	5716	7581	Event study with fixed effects	NA	NA	treat_c
0.005118467311692965	0.004198862039169748	1473.8948961688827	NA	NA	NA	-17676.708539526568	35369.417079053135	35424.88428222159	NA	NA	7581	Event study assets weighted	NA	NA	treat_c
0.7338224581658128	0.6470213843416482	877.514706425876	NA	NA	NA	-10016.375455876796	23762.750911753592	36693.542650398595	NA	NA	7581	Event study assets weighted with fixed effects	0.001942562015899929	NA	treat_c
6.854480063752833e-4	3.763497842925734e-4	2.130630580124157	2.217573435901921	0.08390196588925994	3	-21105.48386354943	42220.96772709886	42256.86867907399	44029.45110224501	9699	9703	Linear model	NA	NA	cit_m22
4.3860545700658205e-4	-0.5269634151875489	NA	1.3934027827886972	0.24830507167792176	NA	NA	NA	NA	6821.720700688201	6351	9703	Linear model with fixed effect	NA	NA	cit_m22
0.004475463563360411	0.00416753763189226	1465.3168106604026	14.534221077197031	1.9204961775903535e-9	3	-20250.334964682683	40510.669929365366	40546.57088134049	20825240396.002945	9699	9703	Linear model assets weighted	NA	NA	cit_m22
0.7599938970856601	0.6330697745863654	889.4676065482919	NA	NA	NA	-12058.185707344339	30830.371414688678	54934.270570788605	NA	NA	9703	Linear model assets weighted with fixed effect	0.0014028211164454074	NA	cit_m22
5.05658378847857e-4	-2.1599818549944416e-4	2.1312617615624943	0.7006911650628808	0.6715722264957191	7	-21106.356632710194	42230.71326542039	42295.33497897562	44037.37257061363	9695	9703	Event study	NA	NA	cit_m22
0.0013770707249288598	-0.5274538325440234	NA	0.8746804576743064	0.556339051034757	NA	NA	NA	NA	6815.315943581702	6343	9703	Event study with fixed effects	NA	NA	cit_m22
0.004892051404031816	0.004173561910460699	1465.312378443973	NA	NA	NA	-22688.572465707854	45393.14493141571	45450.58645457591	NA	NA	9703	Event study assets weighted	NA	NA	cit_m22
0.7600391069233478	0.6329653815813211	889.5941259605742	NA	NA	NA	-12057.732073769983	30835.464147539966	54960.90387482497	NA	NA	9703	Event study assets weighted with fixed effects	0.001590926401371262	NA	cit_m22
