r.squared	adj.r.squared	sigma	statistic	p.value	df	logLik	AIC	BIC	deviance	df.residual	nobs	model	within.r.squared	pseudo.r.squared	population
0.006613550844691253	0.006428470770944883	1294983.8782904884	35.733456934700406	5.2299144671540476e-23	3	-249527.4095620739	499064.8191241478	499103.2538599096	27002784211509680	16102	16106	Linear model	NA	NA	all
0.004227249705527828	-0.2725694448097504	NA	26.74897499118535	2.556561668901814e-12	NA	NA	NA	NA	2708648995953017.5	12602	16106	Linear model with fixed effect	NA	NA	all
0.08438253861173517	0.0842119478538067	1460602638.611862	494.64894602965467	1.6934288837786113e-307	3	-257435.81381943915	514881.6276388783	514920.0623746401	34351363813646774e6	16102	16106	Linear model assets weighted	NA	NA	all
0.812488607123858	0.760270621396343	747300416.1531857	NA	NA	NA	-231172.76268983266	469363.5253796653	496337.0229372807	NA	NA	16106	Linear model assets weighted with fixed effect	0.006750509426436513	NA	all
0.008523004903566335	0.008091874392591514	1293899.4152511295	19.768967137798306	1.459568216382715e-26	7	-249511.91546012525	499041.8309202505	499111.0134446217	26950880366880588	16098	16106	Event study	NA	NA	all
0.014222613125963552	-0.2605959040500523	NA	18.170389389473836	1.877954347701506e-33	NA	NA	NA	NA	2681460130737655.5	12594	16106	Event study with fixed effects	NA	NA	all
0.08902643106105068	0.08863030638826075	1457074928.8515663	NA	NA	NA	-255215.59167276457	510447.18334552913	510508.67892274796	NA	NA	16106	Event study assets weighted	NA	NA	all
0.8149313966110469	0.7633373147864785	742505180.6152353	NA	NA	NA	-231178.9985516272	469381.9971032544	496378.5555023269	NA	NA	16106	Event study assets weighted with fixed effects	0.019689986737724263	NA	all
0.014411301707208217	0.013587689981615192	1114252.57835185	17.49768884948123	2.823464668963107e-11	3	-55139.42166534521	110288.84333069042	110319.77843602713	4457196122025846.5	3590	3594	Linear model	NA	NA	treat_a
0.01716539919930207	-0.26889138364243914	NA	24.302820603150508	3.43976464942873e-11	NA	NA	NA	NA	508249824331928.06	2783	3594	Linear model with fixed effect	NA	NA	treat_a
0.18836790528360922	0.18768966119331698	1349136529.4803174	277.72878227725266	4.1436910059141546e-162	3	-57334.94507201715	114679.8901440343	114710.82524937102	653440805688972e7	3590	3594	Linear model assets weighted	NA	NA	treat_a
0.8267904091447865	0.7759747804381634	708505729.9457978	NA	NA	NA	-51278.52191125443	104189.04382250886	109237.65301346115	NA	NA	3594	Linear model assets weighted with fixed effect	0.029408201312527082	NA	treat_a
0.01816382662916769	0.016247247372727203	1112749.444807034	9.47721132227076	1.0480042623189129e-11	7	-55132.56671951318	110283.13343902637	110338.81662863246	4440225818329247.5	3586	3594	Event study	NA	NA	treat_a
0.04188546850429983	-0.2405425267257839	NA	12.131344560444504	8.430718022159158e-21	NA	NA	NA	NA	495466421232867.56	2775	3594	Event study with fixed effects	NA	NA	treat_a
0.19949090780999135	0.19792828548837105	1340607088.9943595	NA	NA	NA	-56590.49505817632	113196.99011635264	113246.48628489139	NA	NA	3594	Event study assets weighted	NA	NA	treat_a
0.8335063064159711	0.7844281653883187	695009786.4847916	NA	NA	NA	-51278.469955376524	104194.93991075305	109262.11016490738	NA	NA	3594	Event study assets weighted with fixed effects	0.067041191379966	NA	treat_a
0.016291250457514853	0.015530258645078732	1128027.0135471679	21.407918181618264	9.486862901997286e-14	3	-59605.79527277533	119221.59054555066	119252.9110743693	4934541490086929	3878	3882	Linear model	NA	NA	treat_b
0.015094592977124208	-0.28226027663729636	NA	22.84330116575429	1.4273634478034014e-10	NA	NA	NA	NA	586346568469709.25	2981	3882	Linear model with fixed effect	NA	NA	treat_b
0.1663531259217136	0.16570822117126627	1420467454.3165843	257.9499155593401	1.2352238096923243e-152	3	-62010.04905443147	124030.09810886293	124061.41863768158	7824748364860288e6	3878	3882	Linear model assets weighted	NA	NA	treat_b
0.8235253461485736	0.769936804972326	745926229.8758066	NA	NA	NA	-55506.27055002356	112822.54110004712	118491.55681622183	NA	NA	3882	Linear model assets weighted with fixed effect	0.023435126089840885	NA	treat_b
0.022414086025980325	0.020647668525252794	1125091.3733922625	12.689008129023696	3.374432276592241e-16	7	-59593.67627539303	119205.35255078606	119261.72950265963	4903827738518057	3874	3882	Event study	NA	NA	treat_b
0.041469167396751244	-0.2512809153492124	NA	12.862166815824683	2.9317357195598368e-22	NA	NA	NA	NA	570644917229366.6	2973	3882	Event study with fixed effects	NA	NA	treat_b
0.1833431897864053	0.1818675579661948	1406643723.890258	NA	NA	NA	-61074.90987563897	122165.81975127794	122215.93259738777	NA	NA	3882	Event study assets weighted	NA	NA	treat_b
0.8311424199594568	0.7795707137109491	730141364.0927389	NA	NA	NA	-55503.06807488785	112824.1361497757	118518.20828900533	NA	NA	3882	Event study assets weighted with fixed effects	0.06558603310877187	NA	treat_b
0.009345152498941923	0.008933351952661983	1165790.7565715914	22.693395099545278	1.2840080351857282e-14	3	-111113.65497309822	222237.30994619644	222271.7336898287	9808394391873728	7217	7221	Linear model	NA	NA	treat_c
0.008730714609495186	-0.2778011498874211	NA	24.66571558732191	2.161299867871519e-11	NA	NA	NA	NA	1093672637520088.6	5601	7221	Linear model with fixed effect	NA	NA	treat_c
0.12815781392451608	0.12779540204170803	1391209617.6837056	353.6247568139408	2.854519548674631e-214	3	-115699.46287604005	231408.9257520801	231443.34949571235	1396824513382233e7	7217	7221	Linear model assets weighted	NA	NA	treat_c
0.815413629252362	0.7618878690730846	726899125.3595154	NA	NA	NA	-103275.99303211027	209799.98606422055	220980.81799597727	NA	NA	7221	Linear model assets weighted with fixed effect	0.014691287738762937	NA	treat_c
0.013056804876736	0.012099006129215883	1163927.3893944977	13.632096419567828	1.2553973535950103e-17	7	-111100.10223249429	222218.20446498858	222280.16720352665	9771645618616548	7213	7221	Event study	NA	NA	treat_c
0.024806891596896797	-0.25887613850713476	NA	14.227432854672443	3.182502860454965e-25	NA	NA	NA	NA	1075935706550696.1	5593	7221	Event study with fixed effects	NA	NA	treat_c
0.13872085408426416	0.137885008524662	1383139499.6212	NA	NA	NA	-114008.36620541241	228032.73241082483	228087.81040063643	NA	NA	7221	Event study assets weighted	NA	NA	treat_c
0.8203990766775957	0.768153286896521	717271965.9765162	NA	NA	NA	-103290.81509842498	209837.63019684996	221046.00112351248	NA	NA	7221	Event study assets weighted with fixed effects	0.0413032459386401	NA	treat_c
0.015452343295321132	0.015042911222945987	1325428.5190034767	37.74092050405903	3.422056043731555e-24	3	-111993.82211799211	223997.64423598422	224032.06590191025	12673272115337626	7214	7218	Linear model	NA	NA	cit_m22
0.0033404220110593657	-0.6437139338085431	NA	7.333339809913837	6.614488351241113e-4	NA	NA	NA	NA	900898081407044.75	4376	7218	Linear model with fixed effect	NA	NA	cit_m22
0.08607582472836404	0.08569576199952922	1495378864.6171978	226.47794218663697	2.005018931109216e-140	3	-114759.61613966746	229529.23227933492	229563.65394526094	16131643442237916e6	7214	7218	Linear model assets weighted	NA	NA	cit_m22
0.8620479413879425	0.7722260336300117	746376426.0430822	NA	NA	NA	-102473.47764608845	210640.9552921769	230240.65187044907	NA	NA	7218	Linear model assets weighted with fixed effect	0.0011884677707563185	NA	cit_m22
0.015244142296387618	0.014288068648131591	1325936.3067407387	15.944527206869386	6.280698412998186e-21	7	-111994.58522779461	224007.17045558922	224069.12945425604	12675952115534876	7210	7218	Event study	NA	NA	cit_m22
0.014794589021637694	-0.627799324869698	NA	6.5593189122195295	3.7689521760482173e-10	NA	NA	NA	NA	890544458854424.5	4368	7218	Event study with fixed effects	NA	NA	cit_m22
0.09172568855202523	0.09084386883217277	1491162960.8126938	NA	NA	NA	-114256.16255581223	228528.32511162446	228583.3997771061	NA	NA	7218	Event study assets weighted	NA	NA	cit_m22
0.8635585518019502	0.7745654918394401	742533530.3115252	NA	NA	NA	-102453.15890872297	210606.31781744593	230226.66739527372	NA	NA	7218	Event study assets weighted with fixed effects	0.012125710153339853	NA	cit_m22
