r.squared	adj.r.squared	sigma	statistic	p.value	df	logLik	AIC	BIC	deviance	df.residual	nobs	model	within.r.squared	pseudo.r.squared	population
3.5785215920227964e-4	1.4813702329163903e-4	2.091604042631309	1.7063725879792118	0.16333115019429195	3	-30849.86518685845	61709.7303737169	61747.571846203966	62559.74683746837	14300	14304	Linear model	NA	NA	all
0.002682530159519816	-0.3325204830572992	NA	14.396862697218086	5.700536268973923e-7	NA	NA	NA	NA	12721.652647402685	10705	14304	Linear model with fixed effect	NA	NA	all
0.010342220749174949	0.010134600236045399	1515.016742183791	49.81309694924979	5.103533126982926e-32	3	-30558.075453589874	61126.15090717975	61163.992379666815	32822442926.089783	14300	14304	Linear model assets weighted	NA	NA	all
0.7262589224958718	0.6340823708839677	921.1302119447894	NA	NA	NA	-19457.737713499773	46123.47542699955	73399.60879567706	NA	NA	14304	Linear model assets weighted with fixed effect	7.636555514923815e-4	NA	all
0.001010594760736226	5.214421420544069e-4	2.091213545089311	2.0660111428201406	0.04362061613513188	7	-30845.19357518	61708.38715036	61776.50180083672	62518.896807294885	14296	14304	Event study	NA	NA	all
0.0038808667171154904	-0.33191473902450186	NA	4.167536782088288	8.796722149039523e-6	NA	NA	NA	NA	12706.366821272715	10697	14304	Event study with fixed effects	NA	NA	all
0.010352301035604694	0.009867722559614767	1515.2209603023741	NA	NA	NA	-33113.542207391874	66243.08441478375	66303.63077076306	NA	NA	14304	Event study assets weighted	NA	NA	all
0.7265183036035205	0.6343265678639951	920.8228001957476	NA	NA	NA	-19458.955175903182	46131.910351806364	73430.74860397613	NA	NA	14304	Event study assets weighted with fixed effects	0.0017104737352635624	NA	all
0.0018021010153118687	0.0010612317186879938	2.0288645212424883	2.4324142241064455	0.06316297203445255	3	-8601.473374956404	17212.946749912808	17244.474170001446	16638.049214539416	4042	4046	Linear model	NA	NA	treat_a
0.0027306319328918205	-0.32783232186683753	NA	4.159187115214477	0.015709285083558067	NA	NA	NA	NA	3661.7614677181086	3038	4046	Linear model with fixed effect	NA	NA	treat_a
0.014483486755118917	0.013752029669583443	1659.4921006320892	19.800870128306716	9.719414848805852e-13	3	-9093.900852330196	18197.801704660393	18229.32912474903	11131320517.587748	4042	4046	Linear model assets weighted	NA	NA	treat_a
0.7265551890696226	0.6354369610371204	1008.9472156042445	NA	NA	NA	-5544.301090960733	13112.602181921466	19493.75200786189	NA	NA	4046	Linear model assets weighted with fixed effect	0.0015424241390032956	NA	treat_a
0.002238907097751914	5.09256862408658e-4	2.029424979791062	1.2944276547955953	0.24862896396215162	7	-8600.587927186709	17219.175854373418	17275.925210532965	16630.76849284661	4038	4046	Event study	NA	NA	treat_a
0.004098331741712647	-0.3295122931038852	NA	1.2469047470426438	0.2554564467340365	NA	NA	NA	NA	3656.739564288865	3030	4046	Event study with fixed effects	NA	NA	treat_a
0.014767767762589479	0.013059836701256655	1660.0743514037022	NA	NA	NA	-9233.802246210194	18483.60449242039	18534.04836456221	NA	NA	4046	Event study assets weighted	NA	NA	treat_a
0.7276214560378969	0.6363791385060372	1007.642609521026	NA	NA	NA	-5542.0595883645055	13116.119176729011	19522.490938740346	NA	NA	4046	Event study assets weighted with fixed effects	0.0054357959998242444	NA	treat_a
0.002585940624808356	0.0019622969861827766	2.0731380807110393	4.146503651520213	0.006061264366745569	3	-10312.704643598348	20635.409287196697	20667.7932260806	20621.331405129014	4798	4802	Linear model	NA	NA	treat_b
0.002361648311727118	-0.33528344757607975	NA	4.245642962617604	0.01439858050087381	NA	NA	NA	NA	4233.644382953298	3587	4802	Linear model with fixed effect	NA	NA	treat_b
0.00590890446208785	0.00528733854157637	1648.503894210594	9.506480756258577	2.938990075140017e-6	3	-10655.968636418362	21321.937272836723	21354.321211720628	13038877298.113514	4798	4802	Linear model assets weighted	NA	NA	treat_b
0.7319976670610712	0.6408933294893113	990.4963752654313	NA	NA	NA	-6515.926103173875	15469.85220634775	23365.056506244033	NA	NA	4802	Linear model assets weighted with fixed effect	0.0012947981898383532	NA	treat_b
0.0037472465568744997	0.0022925595994064407	2.0727950392359444	2.5759814079839765	0.011936551826994856	7	-10309.907490292368	20637.814980584735	20696.106070575766	20597.32164282139	4794	4802	Event study	NA	NA	treat_b
0.0034621722470233275	-0.3367918723224479	NA	1.2434163688533841	0.2575270008706974	NA	NA	NA	NA	4228.974126473004	3579	4802	Event study with fixed effects	NA	NA	treat_b
0.005792927842031115	0.004341227903544298	1649.287686577237	NA	NA	NA	-11035.151909603122	22086.303819206245	22138.118121420495	NA	NA	4802	Event study assets weighted	NA	NA	treat_b
0.7324813321460071	0.6411407867094104	990.1550453219494	NA	NA	NA	-6515.2417274510235	15476.483454902047	23397.594905905455	NA	NA	4802	Event study assets weighted with fixed effects	0.003097166217617797	NA	treat_b
0.0018335391495191262	0.0014270092306281068	2.095631436123032	4.510219455730967	0.0036383869170949165	3	-15908.307129446093	31826.614258892187	31861.140123818102	32349.049440950123	7366	7370	Linear model	NA	NA	treat_c
0.0025065188829376415	-0.33840667559206716	NA	6.900196324931492	0.0010163460835300368	NA	NA	NA	NA	6493.4277924226535	5492	7370	Linear model with fixed effect	NA	NA	treat_c
0.009486939176208652	0.009083526308645395	1542.7702266269155	23.516699488321862	3.831175783616418e-15	3	-16391.7174198097	32793.4348396194	32827.960704545316	17532111034.978176	7366	7370	Linear model assets weighted	NA	NA	treat_c
0.7328909276896987	0.6413398772130812	928.1630412518273	NA	NA	NA	-9995.777067655843	23755.554135311686	36751.08969342681	NA	NA	7370	Linear model assets weighted with fixed effect	9.934209372360892e-4	NA	treat_c
0.0029093235612598213	0.0019612612500575777	2.0950707634794883	3.0687050069213075	0.0031495658716761917	7	-15904.333440173345	31826.66688034669	31888.81343721334	32314.1849123488	7362	7370	Event study	NA	NA	treat_c
0.003854466589930926	-0.3385478547955505	NA	2.1219685347401778	0.019779514239958204	NA	NA	NA	NA	6484.652997129116	5484	7370	Event study with fixed effects	NA	NA	treat_c
0.009367210084924915	0.008425288116790552	1543.2825511888652	NA	NA	NA	-17147.08189458781	34310.16378917562	34365.405173057086	NA	NA	7370	Event study assets weighted	NA	NA	treat_c
0.7332758350218631	0.6415954829095749	927.8322461206735	NA	NA	NA	-9995.228581928459	23762.457163856918	36785.613413912775	NA	NA	7370	Event study assets weighted with fixed effects	0.0024330012324159656	NA	treat_c
1.5098815269540522e-5	-3.5924042899737607e-4	2.130420427653005	0.04033457752770098	0.9892020565949017	3	-17439.21716133249	34888.43432266498	34923.38154413099	36373.07126526955	8014	8018	Linear model	NA	NA	cit_more_stat
0.002683249632820248	-0.6424585841605752	NA	6.548601137883351	0.0014447665849241728	NA	NA	NA	NA	5425.638505029853	4868	8018	Linear model with fixed effect	NA	NA	cit_more_stat
0.003626269312416136	0.0032532818913950656	1502.6967185288036	9.722229512430165	2.117648481432781e-6	3	-17070.29211887704	34150.58423775408	34185.531459220096	18096392787.008156	8014	8018	Linear model assets weighted	NA	NA	cit_more_stat
0.8032587087121904	0.6756580439534507	857.1967121675107	NA	NA	NA	-9813.165082708523	25936.330165417046	47988.026910470784	NA	NA	8018	Linear model assets weighted with fixed effect	1.4069573234953836e-4	NA	cit_more_stat
4.817520701270322e-4	-3.91734538550903e-4	2.1304550279994725	0.5515277112905792	0.7956447279671732	7	-17437.345883526785	34892.69176705357	34955.59676569239	36356.09739688915	8010	8018	Event study	NA	NA	cit_more_stat
0.004194877385229387	-0.6426686559676165	NA	2.047298575717583	0.025299033308318147	NA	NA	NA	NA	5417.414893287953	4860	8018	Event study with fixed effects	NA	NA	cit_more_stat
0.0042180417259399805	0.003347820289246073	1502.625453729854	NA	NA	NA	-18728.92887008833	37473.85774017666	37529.77329452228	NA	NA	8018	Event study assets weighted	NA	NA	cit_more_stat
0.803584079673431	0.6759945610580034	856.7519096813122	NA	NA	NA	-9814.744154700584	25945.488309401167	48018.15338733451	NA	NA	8018	Event study assets weighted with fixed effects	0.0017942641358371647	NA	cit_more_stat
0.0034779118879545608	0.0029532424838941695	2.0182366703543653	6.628768251091329	1.8203792322202928e-4	3	-12092.869172761113	24195.738345522226	24228.98120686959	23209.545209594402	5698	5702	Linear model	NA	NA	cit_less_stat
0.006766923443782354	-0.9868146559463145	NA	9.708563010028133	6.279468558921044e-5	NA	NA	NA	NA	2930.588572124224	2850	5702	Linear model with fixed effect	NA	NA	cit_less_stat
0.013518612635700193	0.012999229665869971	1475.8196451125732	26.02821698238944	1.0233984163740899e-16	3	-12249.627275703657	24509.254551407314	24542.497412754677	12410492574.681349	5698	5702	Linear model assets weighted	NA	NA	cit_less_stat
0.8384411457592649	0.6762576351400946	845.2288429279706	NA	NA	NA	-6196.703262246671	18107.406524493344	37102.37749837661	NA	NA	5702	Linear model assets weighted with fixed effect	4.185248086738813e-4	NA	cit_less_stat
0.006573283054629954	0.005351999770713878	2.015807408515673	5.382275464831608	3.659932287742479e-6	7	-12083.999687987112	24185.999375974225	24245.83652639948	23137.452319842672	5694	5702	Event study	NA	NA	cit_less_stat
0.012481421718358447	-0.9809441994312593	NA	3.592053993080232	9.308261971818842e-5	NA	NA	NA	NA	2913.727632094942	2842	5702	Event study with fixed effects	NA	NA	cit_less_stat
0.018514692810504774	0.017308089868754428	1472.5946952161073	NA	NA	NA	-13053.781098958041	26123.562197916082	26176.75077607186	NA	NA	5702	Event study assets weighted	NA	NA	cit_less_stat
0.8398994022117258	0.6788411301931909	841.8495841955004	NA	NA	NA	-6190.760416475865	18101.52083295173	37116.43752364341	NA	NA	5702	Event study assets weighted with fixed effects	0.009440909516763685	NA	cit_less_stat
