r.squared	adj.r.squared	sigma	statistic	p.value	df	logLik	AIC	BIC	deviance	df.residual	nobs	model	within.r.squared	pseudo.r.squared	population
0.012459160241217368	0.011959645400671848	1.777244601554497	24.942522683824706	4.954939052489716e-16	3	-11832.40547783245	23674.8109556649	23708.25406720012	18733.64695473855	5931	5935	Linear model	NA	NA	all
0.004502831782125913	-0.2957403369609266	NA	10.310632089221434	3.4060110194189415e-5	NA	NA	NA	NA	2133.420086246732	4559	5935	Linear model with fixed effect	NA	NA	all
0.005777008075351509	0.005274113289350235	1492.710202595385	11.487508393726158	1.6585031205903908e-7	3	-12646.370190834066	25302.740381668133	25336.183493203353	13215357814.9178	5931	5935	Linear model assets weighted	NA	NA	all
0.7074918557889479	0.6189367008236262	923.8944382785559	NA	NA	NA	-5411.944263942753	13583.888527885507	22814.187311605907	NA	NA	5935	Linear model assets weighted with fixed effect	0.010439939816947685	NA	all
0.013902817356360998	0.012738201146051287	1.7765442472242234	11.937681472477646	3.338389496183241e-15	7	-11828.0642022747	23674.1284045494	23734.326005312792	18706.26078332168	5927	5935	Event study	NA	NA	all
0.006522598905368668	-0.295384508480673	NA	2.9879237902770814	9.209085664202138e-4	NA	NA	NA	NA	2129.0915839788477	4551	5935	Event study with fixed effects	NA	NA	all
0.009824230226411101	0.008654797058127772	1490.1714749967527	NA	NA	NA	-13340.3070316257	26696.6140632514	26750.12304170775	NA	NA	5935	Event study assets weighted	NA	NA	all
0.7077037390801784	0.6188780460781758	923.9655402556596	NA	NA	NA	-5414.61375120702	13597.22750241404	22854.28077536262	NA	NA	5935	Event study assets weighted with fixed effects	0.011156744619040482	NA	all
0.10748012660043162	0.1052013524555816	1.7359263697834744	47.16576534946963	8.789129212126642e-29	3	-2321.1922069587736	4652.384413917547	4677.746523420234	3540.7924245388176	1175	1179	Linear model	NA	NA	treat_a
0.01847175634320535	-0.2790268484819738	NA	8.506361300437739	2.1880944319826708e-4	NA	NA	NA	NA	364.43081989464036	904	1179	Linear model with fixed effect	NA	NA	treat_a
0.010433591328678353	0.00790703879590049	1531.6305638992408	4.129576247997916	0.006336738011811512	3	-2557.1730825862624	5124.346165172525	5149.708274675211	2756423316.51761	1175	1179	Linear model assets weighted	NA	NA	treat_a
0.7412041365216766	0.6612649698028167	894.9688006034402	NA	NA	NA	-984.9271411209138	2527.8542822418276	3943.059992491754	NA	NA	1179	Linear model assets weighted with fixed effect	0.020702415633627624	NA	treat_a
0.10772375430792645	0.10238990826194472	1.7386513585580685	20.19626239289041	1.0327667503236602e-25	7	-2321.0312714514353	4660.0625429028705	4705.714340007707	3539.8259080871226	1171	1179	Event study	NA	NA	treat_a
0.03156851776397691	-0.2732279978504857	NA	2.9207427097697067	0.0013082075130531664	NA	NA	NA	NA	359.56813404389544	896	1179	Event study with fixed effects	NA	NA	treat_a
0.013170696631680134	0.007271631624354513	1532.120968178	NA	NA	NA	-2674.4942661258456	5364.988532251691	5405.56790745599	NA	NA	1179	Event study assets weighted	NA	NA	treat_a
0.7437164802840994	0.6630558189449431	892.5998721290515	NA	NA	NA	-977.3178806014321	2520.635761202864	3956.1311590549403	NA	NA	1179	Event study assets weighted with fixed effects	0.03020926069896468	NA	treat_a
0.07153950556435462	0.06796391957808134	1.653217866813292	20.00777098886571	1.6838391815138752e-12	3	-1502.6563328972288	3015.3126657944576	3038.6283292744115	2129.107736502389	779	783	Linear model	NA	NA	treat_b
0.019161709715630467	-0.26989328311651817	NA	5.899888280709992	0.002900135661520602	NA	NA	NA	NA	290.97618424704547	604	783	Linear model with fixed effect	NA	NA	treat_b
0.04035564428129293	0.03665996640304381	1713.60173159634	10.919686620634588	4.962640163172756e-7	3	-1586.4606354957841	3182.9212709915682	3206.236934471522	2287479666.8388505	779	783	Linear model assets weighted	NA	NA	treat_b
0.6932981497471222	0.5995979183676954	1104.7607884737076	NA	NA	NA	-721.2316607846324	1810.4633215692647	2668.479737631573	NA	NA	783	Linear model assets weighted with fixed effect	0.007813938596261671	NA	treat_b
0.0724781023206791	0.06410048518034972	1.6566407458793868	8.65139825640561	3.010556882100635e-10	7	-1502.2603586002874	3022.520717200575	3064.488911464492	2126.955384703553	775	783	Event study	NA	NA	treat_b
0.031020941303949192	-0.2713785635911272	NA	1.908037212076961	0.041462217485505645	NA	NA	NA	NA	287.4580161760672	596	783	Event study with fixed effects	NA	NA	treat_b
0.04392805452856874	0.035292565988826685	1714.817475117086	NA	NA	NA	-1631.4121638439633	3278.8243276879266	3316.129389255853	NA	NA	783	Event study assets weighted	NA	NA	treat_b
0.6949993211998927	0.5998145456012015	1104.4618968561497	NA	NA	NA	-724.1167445946	1822.2334891892	2694.23930333948	NA	NA	783	Event study assets weighted with fixed effects	0.013317259173249552	NA	treat_b
0.10543754683870023	0.10321226710446807	1.732810875304952	47.381704518638934	6.006639746873134e-29	3	-2380.1036088913406	4770.207217782681	4795.699095975635	3621.1760366675876	1206	1210	Linear model	NA	NA	treat_c
0.01628144119926482	-0.2802106970829805	NA	7.687899521056413	4.8810889649025075e-4	NA	NA	NA	NA	379.38420842865446	929	1210	Linear model with fixed effect	NA	NA	treat_c
0.009790324232800376	0.007327116084125729	1534.9378424400113	3.9746231913320993	0.007841206791961992	3	-2622.2909650135816	5254.581930027163	5280.073808220117	2841377221.2662024	1206	1210	Linear model assets weighted	NA	NA	treat_c
0.7359907920514344	0.6549328298272261	904.9811537758563	NA	NA	NA	-1020.3740340859765	2610.748068171953	4063.785125170327	NA	NA	1210	Linear model assets weighted with fixed effect	0.02175296085475109	NA	treat_c
0.10567584215875539	0.10046763158896443	1.735460499484252	20.290239947613564	7.120187189290883e-26	7	-2379.9424263226965	4777.884852645393	4823.77023339271	3620.2114206146957	1202	1210	Event study	NA	NA	treat_c
0.027603518585363647	-0.27646834530976694	NA	2.614452139947573	0.0038883288124116054	NA	NA	NA	NA	375.01769797862374	921	1210	Event study with fixed effects	NA	NA	treat_c
0.012765902250563288	0.007016618819410181	1535.177879589603	NA	NA	NA	-2738.4060621401213	5492.812124280243	5533.599129388969	NA	NA	1210	Event study assets weighted	NA	NA	treat_c
0.7386998882202027	0.6569904070121879	902.2789948299773	NA	NA	NA	-1012.8695417026955	2603.7390834053913	4077.169642958128	NA	NA	1210	Event study assets weighted with fixed effects	0.03179111568446302	NA	treat_c
0.031283771189200435	0.03020980641224824	1.7179468583176218	29.129233900932253	1.5657921002788909e-18	3	-5309.783951553803	10629.567903107605	10659.091422676975	7986.3298500571655	2706	2710	Linear model	NA	NA	cit_m22
0.01056964024127442	-0.6804807803049453	NA	8.51933439203516	2.0879622692628419e-4	NA	NA	NA	NA	810.304880197365	1595	2710	Linear model with fixed effect	NA	NA	cit_m22
0.016240745131452863	0.015150102942019794	1553.0177348571074	14.890992929492642	1.2927767872279063e-9	3	-5525.748756003508	11061.497512007016	11091.021031576385	6526504213.416577	2706	2710	Linear model assets weighted	NA	NA	cit_m22
0.7293800780407611	0.5389249254166175	1062.618116505208	NA	NA	NA	-2213.194875255652	6666.389750511304	13279.6581340499	NA	NA	2710	Linear model assets weighted with fixed effect	0.01916454424984204	NA	cit_m22
0.03174549656146145	0.029237065205403034	1.718808229607325	12.65551735541393	4.540899612013859e-16	7	-5309.1379553279985	10636.275910655997	10689.418245880861	7982.523274908173	2702	2710	Event study	NA	NA	cit_m22
0.01642682191107731	-0.6789538370780666	NA	2.650475526745473	0.0032945492370206196	NA	NA	NA	NA	805.5080768201169	1587	2710	Event study with fixed effects	NA	NA	cit_m22
0.02139189126817742	0.01885663710047847	1550.09254820552	NA	NA	NA	-5865.491709557292	11746.983419114584	11794.221050425575	NA	NA	2710	Event study assets weighted	NA	NA	cit_m22
0.7301064909799668	0.539293310689811	1062.193531543037	NA	NA	NA	-2214.738766862365	6675.47753372473	13306.460029004948	NA	NA	2710	Event study assets weighted with fixed effects	0.02179735694570817	NA	cit_m22
