r.squared	adj.r.squared	sigma	statistic	p.value	df	logLik	AIC	BIC	deviance	df.residual	nobs	model	within.r.squared	pseudo.r.squared	population
0.013582703853585034	0.013040914785763746	2.0057705948659086	25.070095836758846	4.1931810015816935e-16	3	-11558.408106657478	23126.816213314956	23159.847725147396	21974.257839947382	5462	5466	Linear model	NA	NA	all
0.0012131270143075404	-0.3008508724658745	NA	2.548231804858545	0.07834089587903449	NA	NA	NA	NA	3527.533973328061	4196	5466	Linear model with fixed effect	NA	NA	all
0.005443098240812571	0.004896838499824252	1362.0625089022358	9.964304217194957	1.5100434002152334e-6	3	-10899.36942163665	21808.7388432733	21841.77035510574	10133180387.293825	5462	5466	Linear model assets weighted	NA	NA	all
0.8056062988724838	0.7465135822806309	687.4487601276135	NA	NA	NA	-6556.835730875068	15663.671461750137	24086.706979022354	NA	NA	5466	Linear model assets weighted with fixed effect	0.0016361149143657716	NA	all
0.013903890087754894	0.012639201049758353	2.0061787493877143	10.993919983508011	7.260428989440821e-14	7	-11557.518072670337	23133.036145340673	23192.492866639066	21967.10282639291	5458	5466	Event study	NA	NA	all
0.0029732819535971114	-0.3010389240982787	NA	1.2489238850152176	0.25405734765572924	NA	NA	NA	NA	3521.317425519334	4188	5466	Event study with fixed effects	NA	NA	all
0.005839236933966707	0.004564204808378158	1362.2901385804141	NA	NA	NA	-12559.109311430499	25134.218622860997	25187.0690417929	NA	NA	5466	Event study assets weighted	NA	NA	all
0.8056994951109955	0.7464536152773615	687.5300698179154	NA	NA	NA	-6557.2692025770575	15670.538405154115	24113.392829525794	NA	NA	5466	Event study assets weighted with fixed effects	0.002114750581139524	NA	all
0.12130632331639188	0.11891206261698162	1.8839652261110715	50.665461512301235	1.1231558075967022e-30	3	-2265.8069344707665	4541.613868941533	4566.651872011292	3907.806795488511	1101	1105	Linear model	NA	NA	treat_a
0.0035327043801904687	-0.2927143294527257	NA	1.5084947798874426	0.2218337384477431	NA	NA	NA	NA	741.5249612464705	851	1105	Linear model with fixed effect	NA	NA	treat_a
0.022125098141703728	0.01946058887233515	1238.02185696136	8.303629638693728	1.832268023004243e-5	3	-2113.5718952112748	4237.1437904225495	4262.181793492308	1687500628.2637742	1101	1105	Linear model assets weighted	NA	NA	treat_a
0.7378574001678331	0.6579132030558956	731.2467373672835	NA	NA	NA	-1345.511278842634	3209.022557685268	4505.991116698799	NA	NA	1105	Linear model assets weighted with fixed effect	0.0026492864511830083	NA	treat_a
0.12198684413492118	0.11638420777115133	1.8866658530704123	21.773114693604583	1.1753906115667731e-27	7	-2265.3788746897276	4548.757749379455	4593.826154905022	3904.780321132672	1097	1105	Event study	NA	NA	treat_a
0.012250692450709932	-0.2935649294595686	NA	1.045541986920925	0.4027485832883168	NA	NA	NA	NA	735.0374369749215	843	1105	Event study with fixed effects	NA	NA	treat_a
0.02210834082165669	0.015868375813226088	1240.2875346859478	NA	NA	NA	-2493.565100067398	5003.130200134796	5043.19100504641	NA	NA	1105	Event study assets weighted	NA	NA	treat_a
0.7405804757413924	0.660261975348158	728.7320387515776	NA	NA	NA	-1343.8391111407495	3211.678222281499	4523.669583136884	NA	NA	1105	Event study assets weighted with fixed effects	0.013009530715471174	NA	treat_a
0.07615785313372325	0.07246248454625814	1.6479163936326735	20.60900051812284	7.704953480014977e-13	3	-1444.5061505880126	2899.012301176025	2922.139263016065	2036.7213303024876	750	754	Linear model	NA	NA	treat_b
2.2167830227619645e-4	-0.27598826481082384	NA	0.06540959906034895	0.936690511452144	NA	NA	NA	NA	317.16545893396835	590	754	Linear model with fixed effect	NA	NA	treat_b
0.005773315245559506	0.0017964085065417246	1360.2033891892604	1.4517099908119622	0.2264993282555745	3	-1300.0288619610837	2610.0577239221675	2633.184685762207	1387614944.9714627	750	754	Linear model assets weighted	NA	NA	treat_b
0.7819367873146581	0.7193135057229703	721.2819210582043	NA	NA	NA	-743.1145256725448	1824.2290513450896	2605.920361538434	NA	NA	754	Linear model assets weighted with fixed effect	8.763385329685347e-4	NA	treat_b
0.07674537314349511	0.06808212597460028	1.6518030085797595	8.858730640751835	1.6807041462906702e-10	7	-1444.2663201099294	2906.532640219859	2948.1611715319304	2035.426071648246	746	754	Event study	NA	NA	treat_b
0.01503243983335303	-0.2743652453702494	NA	0.8882404189566628	0.5439383335747653	NA	NA	NA	NA	312.4669553995154	582	754	Event study with fixed effects	NA	NA	treat_b
0.007113652375562718	-0.002202975551208075	1362.9255481547711	NA	NA	NA	-1561.2044224260258	3138.4088448520515	3175.4119837961152	NA	NA	754	Event study assets weighted	NA	NA	treat_b
0.7826063026710479	0.7187328967548094	722.0275330092603	NA	NA	NA	-741.3656108718584	1826.7312217437168	2622.298709041085	NA	NA	754	Event study assets weighted with fixed effects	0.003943929008441538	NA	treat_b
0.11380138218525956	0.1114527992758566	1.8969881718354058	48.45533948562468	1.8313085394530813e-29	3	-2337.25447402536	4684.50894805072	4709.685291047126	4073.5745884624484	1132	1136	Linear model	NA	NA	treat_c
0.0035457759630385883	-0.29106797292460174	NA	1.5585762339578335	0.2110184346720807	NA	NA	NA	NA	756.4389300418179	876	1136	Linear model with fixed effect	NA	NA	treat_c
0.021915686646991738	0.019323590410190494	1253.0858172185522	8.454812107607738	1.474662288258989e-5	3	-2178.382141063138	4366.764282126276	4391.940625122682	1777493641.9357724	1132	1136	Linear model assets weighted	NA	NA	treat_c
0.7427237370125895	0.664743331239138	732.6670541505637	NA	NA	NA	-1378.0801112928932	3286.1602225857864	4620.506401395277	NA	NA	1136	Linear model assets weighted with fixed effect	0.0026075745651176208	NA	treat_c
0.11468875197077874	0.10919479919045572	1.8993969811987126	20.8754528035882	1.533916647118249e-26	7	-2336.6854384359476	4691.370876871895	4736.688294265425	4069.495630386691	1128	1136	Event study	NA	NA	treat_c
0.012821429089218813	-0.2908383386909408	NA	1.127354338655699	0.3381900854401264	NA	NA	NA	NA	749.3974975736237	868	1136	Event study with fixed effects	NA	NA	treat_c
0.021931360096875796	0.015861785203859946	1255.2955764496155	NA	NA	NA	-2567.054360024386	5150.108720048772	5190.390868843021	NA	NA	1136	Event study assets weighted	NA	NA	treat_c
0.7448827897909944	0.6664077954064271	730.8460382461341	NA	NA	NA	-1376.9533443360624	3289.906688672125	4639.358673279459	NA	NA	1136	Event study assets weighted with fixed effects	0.010977654502887013	NA	treat_c
0.0197409125404587	0.01889972911300497	1.9980259787680528	23.468023615505654	4.913541392612139e-15	3	-7386.84261133657	14783.68522267314	14814.487813910528	13956.408910164797	3496	3500	Linear model	NA	NA	cit_m22
6.382057986025982e-4	-0.5223190761474485	NA	0.7334474501107161	0.4803629307296462	NA	NA	NA	NA	1859.6822050186142	2297	3500	Linear model with fixed effect	NA	NA	cit_m22
0.006330027064452289	0.005477335440079778	1399.8288658813037	7.423583020543651	5.917648727365621e-5	3	-6947.156946096831	13904.313892193662	13935.11648343105	6850484904.725862	3496	3500	Linear model assets weighted	NA	NA	cit_m22
0.8318469490336129	0.7432951460159737	711.1883646787264	NA	NA	NA	-3858.2271068381065	10132.454213676214	17574.36025662904	NA	NA	3500	Linear model assets weighted with fixed effect	0.0019160841517014138	NA	cit_m22
0.021834960450270356	0.019874148515319545	1.9970335221392836	11.135672963362754	5.2492399982458746e-14	7	-7383.100229706155	14784.20045941231	14839.645123639608	13926.59496680973	3492	3500	Event study	NA	NA	cit_m22
0.002883397042946701	-0.5242075114664613	NA	0.6619181559841387	0.7606589048649225	NA	NA	NA	NA	1855.5041963852932	2289	3500	Event study with fixed effects	NA	NA	cit_m22
0.007746364458082633	0.0057573107785885425	1399.6318139883008	NA	NA	NA	-7993.225749176976	16002.451498353952	16051.735644333772	NA	NA	3500	Event study assets weighted	NA	NA	cit_m22
0.8318875487896732	0.7430207659305664	711.5683415394946	NA	NA	NA	-3857.570284573071	10137.140569146142	17597.528166841403	NA	NA	3500	Event study assets weighted with fixed effects	0.0021570667760323348	NA	cit_m22
