r.squared	adj.r.squared	sigma	statistic	p.value	df	logLik	AIC	BIC	deviance	df.residual	nobs	model	within.r.squared	pseudo.r.squared	population
0.053521148099032086	0.05338924692582159	1178606.2366102354	405.76703600360895	2.0086054826092777e-256	3	-331549.16808268713	663108.3361653743	663148.2224105548	29903428252842028	21527	21531	Linear model	NA	NA	all
0.011227742908966809	-0.2083248209314308	NA	100.02827908632027	6.354253399665435e-44	NA	NA	NA	NA	5335856057451638	17618	21531	Linear model with fixed effect	NA	NA	all
0.2626593404955203	0.26255658479437693	1467718317.3914573	2556.153454970164	0	3	-344568.0076016285	689146.015203257	689185.9014484375	463734000935364e8	21527	21531	Linear model assets weighted	NA	NA	all
0.7596638260514441	0.7062315303104116	926362473.6909957	NA	NA	NA	-313236.7939068264	634307.5878136528	665554.4722880494	NA	NA	21531	Linear model assets weighted with fixed effect	0.017641046543976135	NA	all
0.0535592384162695	0.05325142420212259	1178692.0336545827	173.9985873124424	1.2932036960294543e-251	7	-331548.73482465826	663115.4696493165	663187.2648906414	29902224812251300	21523	21531	Event study	NA	NA	all
0.029803820115894792	-0.18616262083502466	NA	54.0968190890644	3.991725868743807e-108	NA	NA	NA	NA	5235611260555715	17610	21531	Event study with fixed effects	NA	NA	all
0.2620379406402652	0.26179793067810764	1468473090.0885413	NA	NA	NA	-338807.65472516464	677631.3094503293	677695.127442618	NA	NA	21531	Event study assets weighted	NA	NA	all
0.7644047605623479	0.7119610729646422	917284289.9577128	NA	NA	NA	-313373.4753978825	634588.950795765	665867.744266306	NA	NA	21531	Event study assets weighted with fixed effects	0.037019317355309944	NA	all
0.08077962236060729	0.08032123453931095	968131.0518739584	176.22549860111204	1.6308170685226414e-109	3	-91514.40820754558	183038.81641509116	183072.33062778268	5638662845353105	6016	6020	Linear model	NA	NA	treat_a
0.027276479345358543	-0.1873500042223255	NA	69.13594500185734	2.4429154305314394e-30	NA	NA	NA	NA	1022482174404151	4931	6020	Linear model with fixed effect	NA	NA	treat_a
0.36774138792980954	0.36742609939320525	1242019515.1393394	1166.3646001551717	0	3	-95296.63735274434	190603.27470548867	190636.7889181802	9280356655537551e6	6016	6020	Linear model assets weighted	NA	NA	treat_a
0.8053687428162998	0.7622314720948464	761465040.8414594	NA	NA	NA	-86483.35955155964	175152.71910311928	182478.9259974843	NA	NA	6020	Linear model assets weighted with fixed effect	0.044504448700508625	NA	treat_a
0.08161195953398896	0.08054264544828327	968014.5070067832	76.32178480108227	2.0620327138701448e-106	7	-91511.68147312432	183041.36294624864	183101.68852909337	5633557139682820	6012	6020	Event study	NA	NA	treat_a
0.045773305847576266	-0.16666473128243742	NA	23.615141566309894	5.70097970768089e-44	NA	NA	NA	NA	1003039162099061.3	4923	6020	Event study with fixed effects	NA	NA	treat_a
0.3687890493093613	0.36805410641933556	1241402835.673937	NA	NA	NA	-93800.16215892408	187616.32431784816	187669.9470581546	NA	NA	6020	Event study assets weighted	NA	NA	treat_a
0.8108118892021106	0.768693227931648	751046729.0396707	NA	NA	NA	-86538.7850105985	175271.570021197	182624.58828571523	NA	NA	6020	Event study assets weighted with fixed effects	0.07122627248138902	NA	treat_a
0.11076795160605699	0.11001564022839705	891960.9001948937	147.23684221101803	6.366071588194774e-90	3	-53674.411062693034	107358.82212538607	107389.69563979842	2821177201551616.5	3546	3550	Linear model	NA	NA	treat_b
0.03489904930537309	-0.17581300172167214	NA	52.668547551102414	3.390008685333185e-23	NA	NA	NA	NA	647340969124901.5	2913	3550	Linear model with fixed effect	NA	NA	treat_b
0.4318640134792466	0.43138335697626795	1188780225.501846	898.4878198941949	0	3	-55706.83478740875	111423.6695748175	111454.54308922985	5011201613433804e6	3546	3550	Linear model assets weighted	NA	NA	treat_b
0.7785103167721859	0.7297810636729074	819501360.3789091	NA	NA	NA	-51129.47572622947	103540.95145245895	107498.93600012187	NA	NA	3550	Linear model assets weighted with fixed effect	0.03545208007570855	NA	treat_b
0.1121357436527047	0.1103810712093306	891777.760115465	63.906938344045685	5.636885287162972e-87	7	-53671.678705019745	107361.35741003949	107416.92973598171	2816837745112281	3542	3550	Event study	NA	NA	treat_b
0.04699957589506164	-0.16426798800290054	NA	14.326726885078466	4.139072341414365e-25	NA	NA	NA	NA	639224547103104.6	2905	3550	Event study with fixed effects	NA	NA	treat_b
0.43425533658178217	0.4331372641244339	1186945403.6961954	NA	NA	NA	-54917.22004172609	109850.44008345218	109899.83770651194	NA	NA	3550	Event study assets weighted	NA	NA	treat_b
0.7833240244933696	0.7352898323328636	811105040.6241486	NA	NA	NA	-51142.94802498896	103575.89604997792	107558.57940917072	NA	NA	3550	Event study assets weighted with fixed effects	0.05641491546346644	NA	treat_b
0.08853668944156758	0.08810655102223852	945976.5338357058	205.83301900735626	2.036576557915677e-127	3	-96551.05590113648	193112.11180227296	193145.90150665634	5688698777523609	6357	6361	Linear model	NA	NA	treat_c
0.02376615480341327	-0.1905747373826061	NA	63.47889796570223	5.7768418157278905e-28	NA	NA	NA	NA	1056770972036089.4	5215	6361	Linear model with fixed effect	NA	NA	treat_c
0.3959761930708133	0.39569114172256925	1221644949.7180343	1389.1398707988724	0	3	-100384.64383100749	200779.28766201498	200813.07736639836	9487290947821726e6	6357	6361	Linear model assets weighted	NA	NA	treat_c
0.8090513041170146	0.7669480510812154	758650753.1529391	NA	NA	NA	-91270.95199387033	184841.90398774066	192613.5359959213	NA	NA	6361	Linear model assets weighted with fixed effect	0.03496148528453813	NA	treat_c
0.08912553787587668	0.0881218984559381	945968.5732712133	88.80234883693986	6.7983316480774085e-124	7	-96549.0004835969	193116.0009671938	193176.82243508392	5685023608891371	6353	6361	Event study	NA	NA	treat_c
0.04042789621187762	-0.17205273287736866	NA	21.937700642215347	1.1626607977241325e-40	NA	NA	NA	NA	1038734673918983.5	5207	6361	Event study with fixed effects	NA	NA	treat_c
0.39633235470215566	0.3956672085480418	1221669140.6196742	NA	NA	NA	-98945.93830650237	197907.87661300474	197961.94014001818	NA	NA	6361	Event study assets weighted	NA	NA	treat_c
0.8139491705031676	0.772751435452304	749145367.060901	NA	NA	NA	-91340.57632569098	184989.15265138197	192787.8164230693	NA	NA	6361	Event study assets weighted with fixed effects	0.05971488661420421	NA	treat_c
0.06527043685681569	0.06497930431015564	1223588.970569988	224.1949160463735	1.3350797322640076e-140	3	-148741.58327240104	297493.1665448021	297529.03285162075	14420741140449836	9632	9636	Linear model	NA	NA	cit_m22
0.006007913591572238	-0.5233201451479563	NA	19.000026894929128	5.932399968662251e-9	NA	NA	NA	NA	2105012937638089	6287	9636	Linear model with fixed effect	NA	NA	cit_m22
0.2668123851516411	0.2665840252217673	1535601970.3129842	1168.3852999035962	0	3	-153672.8004353516	307355.6008707032	307391.46717752184	2271296309695888e7	9632	9636	Linear model assets weighted	NA	NA	cit_m22
0.7992775451164829	0.6921424939823801	994897527.2557769	NA	NA	NA	-139505.5980987935	285719.196197587	309778.3148115534	NA	NA	9636	Linear model assets weighted with fixed effect	0.009332572213418766	NA	cit_m22
0.065336792333954	0.06465724907952286	1223799.676762556	96.14809934160222	2.8845994496614167e-136	7	-148741.2412354637	297500.4824709274	297565.041823201	14419717427071348	9628	9636	Event study	NA	NA	cit_m22
0.024517694858904364	-0.49685810002141384	NA	15.781588780002911	2.203482033315837e-28	NA	NA	NA	NA	2065814105400577.8	6279	9636	Event study with fixed effects	NA	NA	cit_m22
0.26768993215204606	0.2671575089618782	1535001482.3155444	NA	NA	NA	-151566.61832903666	303149.2366580733	303206.6227489832	NA	NA	9636	Event study assets weighted	NA	NA	cit_m22
0.802792233380323	0.697388623764837	986384191.6519212	NA	NA	NA	-139526.63228457823	285767.26456915645	309847.90296721406	NA	NA	9636	Event study assets weighted with fixed effects	0.026679346812358173	NA	cit_m22
