r.squared	adj.r.squared	sigma	statistic	p.value	df	logLik	AIC	BIC	deviance	df.residual	nobs	model	within.r.squared	pseudo.r.squared	population
0.016274521028401885	0.015776936061800195	551699.7117779152	32.70701914398566	5.838235970845556e-21	3	-86884.60523481449	173779.21046962898	173812.6535811642	1805233724388675.8	5931	5935	Linear model	NA	NA	all
0.014053644827535768	-0.2833089869693799	NA	32.49191319213869	9.740137536757118e-15	NA	NA	NA	NA	347672700013693.6	4559	5935	Linear model with fixed effect	NA	NA	all
0.016778746724502157	0.01628141680377615	793559606.2713283	33.737657891174685	1.2956001150547534e-21	3	-90891.5735378649	181793.1470757298	181826.590187265	37349692496723543e5	5931	5935	Linear model assets weighted	NA	NA	all
0.7148853679167781	0.6285685561401013	487622176.6391902	NA	NA	NA	-82026.60510918117	166813.21021836234	176043.50900208275	NA	NA	5935	Linear model assets weighted with fixed effect	0.0070613095989612296	NA	all
0.018965877587005884	0.017807241032780974	551130.3810213654	16.369134495064902	1.6920024007851217e-21	7	-86876.4753795616	173770.9507591232	173831.1483598866	1800294818435945	5927	5935	Event study	NA	NA	all
0.022696418553159847	-0.2742956388278508	NA	10.569018961591713	6.59794160678267e-18	NA	NA	NA	NA	344625012417880.6	4551	5935	Event study with fixed effects	NA	NA	all
0.020820283129533435	0.019663836694896464	792194143.0604163	NA	NA	NA	-88124.7769961883	176265.5539923766	176319.06297083295	NA	NA	5935	Event study assets weighted	NA	NA	all
0.7155927239068094	0.6291644086273362	487230896.48372346	NA	NA	NA	-82024.76504952266	166817.5300990453	176074.58337199388	NA	NA	5935	Event study assets weighted with fixed effects	0.00952474378070467	NA	all
0.05833046521179843	0.05592620256978598	596631.2592058784	24.261270042849535	3.1002970199463244e-15	3	-17350.51043912859	34711.02087825718	34736.38298775987	418263409867370.6	1175	1179	Linear model	NA	NA	treat_a
0.013432191763382974	-0.28559389170656524	NA	6.154012553785796	0.0022150167632985335	NA	NA	NA	NA	98115559950569.375	904	1179	Linear model with fixed effect	NA	NA	treat_a
0.023119930152930044	0.020625768272469425	871269844.0837946	9.269618918504367	4.632233241016483e-6	3	-18180.54317172413	36371.08634344826	36396.44845295095	8919555909215146e5	1175	1179	Linear model assets weighted	NA	NA	treat_a
0.6469712776023097	0.5379246277950231	598459488.6625768	NA	NA	NA	-16525.839667930173	33609.679335860346	35024.88504611027	NA	NA	1179	Linear model assets weighted with fixed effect	0.020769852159132185	NA	treat_a
0.05988720645707599	0.05426740325058543	597155.1892061749	10.656459711597979	4.676470245558343e-13	7	-17349.535088090775	34717.07017618155	34762.72197328639	417571948715155.06	1171	1179	Event study	NA	NA	treat_a
0.03159760696839029	-0.2731897533384333	NA	2.923521879685569	0.001295107449179829	NA	NA	NA	NA	96308983788552.23	896	1179	Event study with fixed effects	NA	NA	treat_a
0.024741373409616463	0.01891147555638617	872032044.30695	NA	NA	NA	-17648.073195336077	35312.146390672155	35352.72576587645	NA	NA	1179	Event study assets weighted	NA	NA	treat_a
0.6557122664606967	0.5473538503244428	592321860.7870085	NA	NA	NA	-16532.120060543646	33630.24012108729	35065.73551893937	NA	NA	1179	Event study assets weighted with fixed effects	0.04501558421724916	NA	treat_a
0.07658679966787284	0.07303065127121522	546627.5547067384	21.53644649358648	2.0822468394465537e-13	3	-11453.646224961723	22917.292449923447	22940.6081134034	232766511496876.63	779	783	Linear model	NA	NA	treat_b
5.263046445240958e-4	-0.29402057908606305	NA	0.15902769966321662	0.853008434232168	NA	NA	NA	NA	43802396801198.7	604	783	Linear model with fixed effect	NA	NA	treat_b
0.07089757115216709	0.06731951301796502	806741276.5458169	19.814538638840624	2.1944468005112505e-12	3	-11814.132593229655	23638.26518645931	23661.580849939262	5069977285932811e5	779	783	Linear model assets weighted	NA	NA	treat_b
0.7277598351093371	0.6445879650342263	498005222.8831089	NA	NA	NA	-10799.35542132983	21966.71084265966	22824.727258721967	NA	NA	783	Linear model assets weighted with fixed effect	2.1686342164595196e-5	NA	treat_b
0.0776780867524525	0.06934743721344239	547712.4612927944	9.324373374333861	4.028322467654283e-11	7	-11453.18327777038	22924.36655554076	22966.33474980468	232491428697943.38	775	783	Event study	NA	NA	treat_b
0.004885785054436588	-0.3056699934352862	NA	0.29262247978273515	0.9828319331476292	NA	NA	NA	NA	43611340556647.76	596	783	Event study with fixed effects	NA	NA	treat_b
0.07168551499915654	0.06330073900560051	808477469.1590331	NA	NA	NA	-11549.344933759434	23114.689867518868	23151.994929086795	NA	NA	783	Event study assets weighted	NA	NA	treat_b
0.7284571229009096	0.6437138760209922	498617235.896717	NA	NA	NA	-10799.675996866681	21973.351993733362	22845.357807883644	NA	NA	783	Event study assets weighted with fixed effects	0.0025829273340327585	NA	treat_b
0.055708436324306984	0.053359452335063895	594444.4114250933	23.71597106639265	6.468432336059641e-15	3	-17802.325120136113	35614.650240272225	35640.14211846518	426157174879077.94	1206	1210	Linear model	NA	NA	treat_c
0.013387297887645882	-0.28397713331952223	NA	6.302777022328813	0.0019104835307453033	NA	NA	NA	NA	98967827393265.69	929	1210	Linear model with fixed effect	NA	NA	treat_c
0.023166103074546203	0.0207361680075675	869153258.101452	9.533630502871738	3.174250671543126e-6	3	-18650.90064979345	37311.8012995869	37337.29317777985	9110454275984535e5	1206	1210	Linear model assets weighted	NA	NA	treat_c
0.6522652488636769	0.5455012820283085	592124234.7326628	NA	NA	NA	-16949.140582444925	34468.28116488985	35921.31822188822	NA	NA	1210	Linear model assets weighted with fixed effect	0.020828652108975443	NA	treat_c
0.05720765421564628	0.05171718298395711	594959.8207867164	10.419443395944224	9.470010973743687e-13	7	-17801.363819994083	35620.72763998817	35666.61302073549	425480580397375.25	1202	1210	Event study	NA	NA	treat_c
0.030819288549546277	-0.27224699255548157	NA	2.9287174640168407	0.0012666851496513898	NA	NA	NA	NA	97219211914005.86	921	1210	Event study with fixed effects	NA	NA	treat_c
0.024626820995904408	0.018946611134815772	869947063.1927074	NA	NA	NA	-18102.966672229722	36221.933344459445	36262.72034956817	NA	NA	1210	Event study assets weighted	NA	NA	treat_c
0.6606039559841803	0.5544735969434028	586250503.1651484	NA	NA	NA	-16956.308441195953	34490.61688239191	35964.04744194465	NA	NA	1210	Event study assets weighted with fixed effects	0.04430925927915397	NA	treat_c
0.03262052712939661	0.031548044343508885	575915.6784369176	30.415898099846746	2.467243829860206e-19	3	-39787.9937637592	79585.9875275184	79615.51104708777	897523018619545.6	2706	2710	Linear model	NA	NA	cit_m22
0.020443151550467335	-0.6637112868023722	NA	16.64366227167221	7.016848726337705e-8	NA	NA	NA	NA	170118701787700.2	1595	2710	Linear model with fixed effect	NA	NA	cit_m22
0.023247108825062	0.022164234222872392	860098759.1788876	21.467960166447423	9.698472105813528e-14	3	-41364.42162327662	82738.84324655324	82768.3667661226	20018172832141138e5	2706	2710	Linear model assets weighted	NA	NA	cit_m22
0.7316467193096301	0.5427867689369734	588131928.3572127	NA	NA	NA	-37533.17397833236	77306.34795666471	83919.61634020331	NA	NA	2710	Linear model assets weighted with fixed effect	0.006439076381664188	NA	cit_m22
0.03384309604506991	0.031340098884564904	575977.5052634355	13.521028540936015	2.83511458758088e-17	7	-39786.280239130065	79590.56047826013	79643.702813485	896388733910764.6	2702	2710	Event study	NA	NA	cit_m22
0.03234399853655833	-0.6517833068459129	NA	5.304563357214635	1.0000378139460122e-7	NA	NA	NA	NA	168051893064294	1587	2710	Event study with fixed effects	NA	NA	cit_m22
0.02650575310613812	0.02398374728516961	859298169.92739	NA	NA	NA	-40209.145898654475	80434.29179730895	80481.52942861994	NA	NA	2710	Event study assets weighted	NA	NA	cit_m22
0.7325386781747607	0.5434450404382021	587708395.1879969	NA	NA	NA	-37531.738688081525	77309.47737616305	83940.459871443265	NA	NA	2710	Event study assets weighted with fixed effects	0.009741497248622943	NA	cit_m22
