r.squared	adj.r.squared	sigma	statistic	p.value	df	logLik	AIC	BIC	deviance	df.residual	nobs	model	within.r.squared	pseudo.r.squared	population
0.007551271795226045	0.007172185191633762	0.46519284959240964	19.91964823781079	7.383407677311456e-13	3	-5134.2657107184805	10278.531421436961	10313.377858437552	1699.640057947712	7854	7858	Linear model	NA	NA	all
0.013920314418849363	-0.19525271360862395	NA	45.75263002696155	1.85707992688779e-20	NA	NA	NA	NA	875.2443289218484	6482	7858	Linear model with fixed effect	NA	NA	all
0.005322895092393512	0.004942957313590068	480.6117243687357	14.00991264716065	4.171357272411357e-9	3	-8295.737151187182	16601.474302374365	16636.320739374958	1814176842.8838158	7854	7858	Linear model assets weighted	NA	NA	all
0.4970281823242495	0.38995838661957827	376.3137634256281	NA	NA	NA	-2502.973721732458	7765.947443464916	17383.564055628318	NA	NA	7858	Linear model assets weighted with fixed effect	0.0017951471252516393	NA	all
0.006745793420102331	0.005860089032069249	0.4655001416578109	7.6163034882139105	3.4614637407647974e-9	7	-5137.453221452337	10292.906442904674	10355.630029505739	1701.0194977850197	7850	7858	Event study	NA	NA	all
0.02442560823311957	-0.18398022800623703	NA	16.20905479230698	2.955699325451044e-29	NA	NA	NA	NA	865.9198301322813	6474	7858	Event study with fixed effects	NA	NA	all
0.005996799744778514	0.005110427464296241	480.571278695101	NA	NA	NA	-5291.41580752798	10598.83161505596	10654.585914256908	NA	NA	7858	Event study assets weighted	NA	NA	all
0.49789349228707336	0.39063162942532215	376.10605589677164	NA	NA	NA	-2506.513972599766	7781.027945199532	17426.521706963405	NA	NA	7858	Event study assets weighted with fixed effects	0.003512453291873774	NA	all
0.0028605289848319805	9.280881495312698e-4	0.4637066821473877	1.4802673037008374	0.21808182361978742	3	-1007.473245975575	2024.94649195115	2051.682990454866	332.8569771814783	1548	1552	Linear model	NA	NA	treat_a
0.0066364674813013304	-0.20650496392834916	NA	4.265693623830581	0.014242744798158683	NA	NA	NA	NA	165.16324334010983	1277	1552	Linear model with fixed effect	NA	NA	treat_a
0.00679472301056202	0.0048699065822879195	499.50737380913773	3.530062872881098	0.014375645426581627	3	-1685.1789821475886	3380.357964295177	3407.094462798893	386237790.32605815	1548	1552	Linear model assets weighted	NA	NA	treat_a
0.49939157431047865	0.3900678175613137	391.05941689394456	NA	NA	NA	-455.94271771812726	1469.8854354362545	2961.7820519435973	NA	NA	1552	Linear model assets weighted with fixed effect	0.0071470063962345565	NA	treat_a
0.005556007351717602	0.0010475177477421438	0.46367896544490284	1.2323433876432979	0.28138918282680764	7	-1005.3727138833535	2028.745427766707	2076.8711250733954	331.95719454590954	1544	1552	Event study	NA	NA	treat_a
0.02722945683731756	-0.1889417749766118	NA	3.5521409410911082	1.1801918264073202e-4	NA	NA	NA	NA	161.73931564318247	1269	1552	Event study with fixed effects	NA	NA	treat_a
0.01793401203991063	0.013481640332837719	497.34133971048885	NA	NA	NA	-1027.9677791562053	2071.9355583124106	2114.713955918356	NA	NA	1552	Event study assets weighted	NA	NA	treat_a
0.5030812248815293	0.3926548304107579	390.22920101398665	NA	NA	NA	-454.32916802793045	1474.658336055861	2987.944151366177	NA	NA	1552	Event study assets weighted with fixed effects	0.014464663125191124	NA	treat_a
0.00820836560169527	0.005328041397247074	0.45199585952095384	2.849806139537686	0.036429897731074495	3	-645.972088557916	1301.944177115832	1326.6646131569796	211.0421655058807	1033	1037	Linear model	NA	NA	treat_b
0.010921871321708495	-0.19427149336912586	NA	4.737222127511913	0.008993458827560084	NA	NA	NA	NA	101.94098579577678	858	1037	Linear model with fixed effect	NA	NA	treat_b
0.005560863451690917	0.0026728504704277567	564.1089589988841	1.9254980804340258	0.12371753079399957	3	-955.1463060849492	1920.2926121698983	1945.013048211046	328720141.90435725	1033	1037	Linear model assets weighted	NA	NA	treat_b
0.5284198742904077	0.4279191917621339	427.2409435905121	NA	NA	NA	-260.94303770646206	887.8860754129241	1792.6540345189276	NA	NA	1037	Linear model assets weighted with fixed effect	0.001892252843501363	NA	treat_b
0.01081691493047716	0.004087778297351186	0.45227757005770663	1.6074744087121002	0.129372669931356	7	-644.6065652168752	1307.2131304337504	1351.7099153078161	210.48709538824554	1029	1037	Event study	NA	NA	treat_b
0.03175347562086419	-0.1801216461844526	NA	2.787560151072205	0.0021247336873779347	NA	NA	NA	NA	99.7939417793421	850	1037	Event study with fixed effects	NA	NA	treat_b
0.017083139027568417	0.010396629769252597	561.9203483193901	NA	NA	NA	-657.5293520354523	1331.0587040709047	1370.6114017367408	NA	NA	1037	Event study assets weighted	NA	NA	treat_b
0.5304158125762466	0.4276597433282252	427.3378131474149	NA	NA	NA	-262.7298011808176	899.4596023616352	1824.003910300557	NA	NA	1037	Event study assets weighted with fixed effects	0.006116691824988196	NA	treat_b
0.003512753916175843	0.0016254674652594892	0.46219033872967713	1.8612722591582729	0.1341771030076464	3	-1025.687634766039	2061.375269532078	2088.2264227411138	338.373936196645	1584	1588	Linear model	NA	NA	treat_c
0.007295400977184125	-0.2053727610169922	NA	4.8025812948612705	0.008353955335117976	NA	NA	NA	NA	168.69360152727828	1307	1588	Linear model with fixed effect	NA	NA	treat_c
0.006850479849600392	0.004969514849315515	499.8633456251185	3.6420028275714738	0.01232482180445043	3	-1716.6428281194112	3443.2856562388224	3470.136809447858	395783569.0504661	1584	1588	Linear model assets weighted	NA	NA	treat_c
0.49267935977318467	0.3821044850038712	393.9042075099267	NA	NA	NA	-465.3899909547747	1500.7799819095494	3031.2957148245673	NA	NA	1588	Linear model assets weighted with fixed effect	0.005519652118793794	NA	treat_c
0.005937794935729364	0.0015337218753179727	0.46221157472367447	1.3482507792853904	0.2235941890364062	7	-1023.7530096091348	2065.5060192182696	2113.838094994533	337.55047289749143	1580	1588	Event study	NA	NA	treat_c
0.02702975066271048	-0.18868651708874395	NA	3.608707063219719	9.46180402365498e-5	NA	NA	NA	NA	165.34007770404972	1299	1588	Event study with fixed effects	NA	NA	treat_c
0.01511676540527307	0.01075335866972682	498.4084429045722	NA	NA	NA	-1046.4946587575164	2108.989317515033	2151.9511626494896	NA	NA	1588	Event study assets weighted	NA	NA	treat_c
0.49587805831846477	0.38410968325743156	393.2645379678537	NA	NA	NA	-463.64214225069816	1505.2842845013963	3057.2809399836424	NA	NA	1588	Event study assets weighted with fixed effects	0.011789932864034403	NA	treat_c
0.0011905629735631652	3.3346105391807157e-4	0.22825344253710425	1.3890564777361891	0.24416074933197618	3	206.26164810241997	-402.52329620483994	-371.72070496745243	182.14032056901686	3496	3500	Linear model	NA	NA	cit_m22
0.002491977457375579	-0.5194952420011505	NA	2.8691860567703555	0.056948489654538956	NA	NA	NA	NA	93.16724930548187	2297	3500	Linear model with fixed effect	NA	NA	cit_m22
0.0019575561477576013	0.001101112403033233	293.2723928679955	2.2856797773534883	0.07679134311851032	3	-1476.6449626534304	2963.289925306861	2994.092516544248	300686402.67914563	3496	3500	Linear model assets weighted	NA	NA	cit_m22
0.4870131248583516	0.2168668952353281	259.6738454860828	NA	NA	NA	1378.289206985607	-340.5784139712141	7101.327628981611	NA	NA	3500	Linear model assets weighted with fixed effect	1.1481192430662368e-5	NA	cit_m22
0.0011072038424961555	-8.951585782090987e-4	0.22839366456933174	0.5529487724336242	0.7944799382814274	7	206.11560183283183	-394.23120366566366	-338.7865394383661	182.1555217258062	3492	3500	Event study	NA	NA	cit_m22
0.005181206491766972	-0.5206950452098329	NA	1.1921549670197729	0.2910317946589878	NA	NA	NA	NA	92.91607531366903	2289	3500	Event study with fixed effects	NA	NA	cit_m22
0.0019437647635029975	-5.6920702320439887e-5	293.4423403822658	NA	NA	NA	205.09234817817924	-394.1846963563585	-344.90055037653843	NA	NA	3500	Event study assets weighted	NA	NA	cit_m22
0.4873878274590049	0.2164132845255824	259.74903946314055	NA	NA	NA	1380.2852065408115	-338.570413081623	7121.817184613636	NA	NA	3500	Event study assets weighted with fixed effects	7.419059201920764e-4	NA	cit_m22
