r.squared	adj.r.squared	sigma	statistic	p.value	df	logLik	AIC	BIC	deviance	df.residual	nobs	model	within.r.squared	pseudo.r.squared	population
0.34109186556450244	0.3410000402101425	600918.0615047101	3714.5717317623235	0	3	-317045.2561492927	634100.5122985854	634140.3985437659	7773453875764788	21527	21531	Linear model	NA	NA	all
0.03807076938052776	-0.17552141759775441	NA	348.63833720601974	3.2193055321051113e-149	NA	NA	NA	NA	2571978814794230.5	17618	21531	Linear model with fixed effect	NA	NA	all
0.5568230846587615	0.5567613235798363	851521306.1581475	9015.760319419755	0	3	-332845.6745439624	665701.3490879248	665741.2353331053	1560898088952818e7	21527	21531	Linear model assets weighted	NA	NA	all
0.7766461466465339	0.7269894139491242	668292270.363038	NA	NA	NA	-305385.90437538846	618605.8087507769	649852.6932251735	NA	NA	21531	Linear model assets weighted with fixed effect	0.050106813352231216	NA	all
0.3444466202975752	0.3442334123963572	599442.0516080047	1615.543412461247	0	7	-316990.30484017363	633998.6096803473	634070.4049216722	7733876232358724	21523	21531	Event study	NA	NA	all
0.059077175357859835	-0.15037299344379762	NA	110.56688506281179	4.275904959664575e-224	NA	NA	NA	NA	2515812488385405.5	17610	21531	Event study with fixed effects	NA	NA	all
0.5654420395525492	0.5653007067586482	843278759.4233809	NA	NA	NA	-320796.3618505092	641608.7237010184	641672.5416933071	NA	NA	21531	Event study assets weighted	NA	NA	all
0.7856927832058315	0.7379878263726037	654692595.8763348	NA	NA	NA	-305362.8801217207	618567.7602434414	649846.5537139825	NA	NA	21531	Event study assets weighted with fixed effects	0.08858091308560889	NA	all
0.3074471042017617	0.30710174870186224	785970.7978532392	890.2336991631241	0	3	-90259.55231067918	180529.10462135836	180562.61883404988	3716384571989593	6016	6020	Linear model	NA	NA	treat_a
0.09414679094046732	-0.10572509943811137	NA	256.2434075877995	1.3368200129329927e-106	NA	NA	NA	NA	1176188205612776	4931	6020	Linear model with fixed effect	NA	NA	treat_a
0.47694580719736235	0.4766849756517493	1107639041.975274	1828.5587583987353	0	3	-94607.29958282901	189224.59916565803	189258.11337834955	7380815311804346e6	6016	6020	Linear model assets weighted	NA	NA	treat_a
0.767315152021233	0.7157438400681554	816340975.3075148	NA	NA	NA	-87026.43234308809	176238.86468617618	183565.0715805412	NA	NA	6020	Linear model assets weighted with fixed effect	0.092149830274043	NA	treat_a
0.31295844290308455	0.31215849431697695	783097.5532501832	391.2231965130573	0	7	-90235.50289861203	180489.00579722406	180549.3313800688	3686809568773418.5	6012	6020	Event study	NA	NA	treat_a
0.12175680935083903	-0.07376513599782664	NA	68.25088754643382	5.511075895557602e-131	NA	NA	NA	NA	1140338492120265	4923	6020	Event study with fixed effects	NA	NA	treat_a
0.4895476853311914	0.4889533463087893	1094578536.946724	NA	NA	NA	-91348.30939115338	182712.61878230676	182766.24152261319	NA	NA	6020	Event study assets weighted	NA	NA	treat_a
0.7755416890173533	0.7255708767408997	802105977.1676894	NA	NA	NA	-86975.53967755436	176145.07935510873	183498.09761962696	NA	NA	6020	Event study assets weighted with fixed effects	0.12424673333008596	NA	treat_a
0.2191041621499267	0.21844350577272686	1016394.0954676679	331.64617751610547	8.227024132841823e-190	3	-54138.020275354305	108286.04055070861	108316.91406512096	3663219970591256.5	3546	3550	Linear model	NA	NA	treat_b
0.0974489082270112	-0.0996065309654437	NA	157.259058380648	1.3953100364042993e-65	NA	NA	NA	NA	1132186094147190.3	2913	3550	Linear model with fixed effect	NA	NA	treat_b
0.35665997665670474	0.356115695757091	1427291602.3438785	655.2865935767659	0	3	-56355.955493757036	112721.91098751407	112752.78450192642	7223774034058329e6	3546	3550	Linear model assets weighted	NA	NA	treat_b
0.7241455709764917	0.6634557000328529	1031881701.1118369	NA	NA	NA	-52182.75263241383	105647.50526482766	109605.48981249059	NA	NA	3550	Linear model assets weighted with fixed effect	0.056707702279764294	NA	treat_b
0.22540848522486032	0.22387767195455377	1012854.4353223766	147.2475380225272	3.407130139906713e-191	7	-54123.63219985967	108265.26439971934	108320.83672566156	3633646087533129	3542	3550	Event study	NA	NA	treat_b
0.1259808308300499	-0.06777763558834882	NA	41.87257287604581	5.495160320604013e-78	NA	NA	NA	NA	1096394828361934.9	2905	3550	Event study with fixed effects	NA	NA	treat_b
0.37249573335582886	0.37125560634665067	1410411544.473991	NA	NA	NA	-54787.59355213806	109591.18710427612	109640.58472733588	NA	NA	3550	Event study assets weighted	NA	NA	treat_b
0.7303147213771422	0.6705290692487014	1020980253.6915444	NA	NA	NA	-52163.38101527859	105616.76203055718	109599.44538974998	NA	NA	3550	Event study assets weighted with fixed effects	0.07780329272219777	NA	treat_b
0.3217406263050757	0.32142054165491296	853192.5159819268	1005.1735568745851	0	3	-95894.39366191387	191798.78732382774	191832.57702821112	4627498492515365	6357	6361	Linear model	NA	NA	treat_c
0.07534271073438736	-0.12767408623764087	NA	212.46371009084564	1.9721042361136968e-89	NA	NA	NA	NA	1301064310224980	5215	6361	Linear model with fixed effect	NA	NA	treat_c
0.4862951919977387	0.48605276405625586	1183071235.2400022	2005.9370591654506	0	3	-100180.55451046854	200371.1090209371	200404.89872532047	8897623030425701e6	6357	6361	Linear model assets weighted	NA	NA	treat_c
0.7821940308450935	0.7341688804787556	850853006.8946221	NA	NA	NA	-91996.43195554639	186292.86391109278	194064.4959192734	NA	NA	6361	Linear model assets weighted with fixed effect	0.06001691753248117	NA	treat_c
0.325042073027082	0.3242983762714058	851381.4121204799	437.06264757276335	0	7	-95878.87468779605	191775.7493755921	191836.57084348222	4604974012468779	6353	6361	Event study	NA	NA	treat_c
0.09614769910709821	-0.1039947443208864	NA	55.389699042211966	8.346266937223718e-107	NA	NA	NA	NA	1271790082723984.8	5207	6361	Event study with fixed effects	NA	NA	treat_c
0.4940692532894093	0.49351179772086307	1174454766.2052245	NA	NA	NA	-97000.02061951249	194016.04123902498	194070.10476603842	NA	NA	6361	Event study assets weighted	NA	NA	treat_c
0.7870311676527584	0.7398729069083048	841674988.4963557	NA	NA	NA	-91948.46485953376	186204.92971906753	194003.59349075487	NA	NA	6361	Event study assets weighted with fixed effects	0.08089250135797332	NA	treat_c
0.34649016154411655	0.34628661819742135	640576.4481130684	1702.2917583401352	0	3	-142505.40374694485	285020.8074938897	285056.6738007084	3952377406368752.5	9632	9636	Linear model	NA	NA	cit_m22
0.027336286144069615	-0.49063382901254804	NA	88.34668577613165	1.4480806351757815e-38	NA	NA	NA	NA	1099777327852933.1	6287	9636	Linear model with fixed effect	NA	NA	cit_m22
0.5489570000625222	0.5488165174005817	922966734.0292202	3907.6494741707247	0	3	-148767.261677817	297544.523355634	297580.3896624527	8205188647343813e6	9632	9636	Linear model assets weighted	NA	NA	cit_m22
0.8106888254272827	0.7096445133702434	740413742.1283592	NA	NA	NA	-136407.35320012993	279522.70640025986	303581.82501422626	NA	NA	9636	Linear model assets weighted with fixed effect	0.0366629716952479	NA	cit_m22
0.3483412834575975	0.34786749751910595	639801.4241733227	735.2292568383112	0	7	-142491.73698899974	285001.47397799947	285066.03333027306	3941181962938913.5	9628	9636	Event study	NA	NA	cit_m22
0.04427235013384606	-0.4665449763434295	NA	29.086328780939937	2.9122749427349914e-55	NA	NA	NA	NA	1080627955943968.4	6279	9636	Event study with fixed effects	NA	NA	cit_m22
0.5541125598622025	0.5537883791309017	917867284.2958821	NA	NA	NA	-144000.7334610783	288017.4669221566	288074.85301306646	NA	NA	9636	Event study assets weighted	NA	NA	cit_m22
0.8165686103390501	0.718528198855988	728998942.4473705	NA	NA	NA	-136385.6795993972	279485.3591987944	303565.997596852	NA	NA	9636	Event study assets weighted with fixed effects	0.06658309942546514	NA	cit_m22
