r.squared	adj.r.squared	sigma	statistic	p.value	df	logLik	AIC	BIC	deviance	df.residual	nobs	model	within.r.squared	pseudo.r.squared	population
1.1726347570281792e-4	-8.64477779185524e-5	2.089545145245011	0.5756357276208242	0.630977797915403	3	-31752.029033817555	63514.05806763511	63552.045935727554	64292.27900890023	14725	14729	Linear model	NA	NA	all
3.241498513814962e-4	-0.31881278403698077	NA	1.809991178783175	0.16370360171950274	NA	NA	NA	NA	11965.981446480311	11164	14729	Linear model with fixed effect	NA	NA	all
0.006413805410811056	0.006211376984069483	1450.1782905727646	31.68431190251578	2.0888023587748107e-20	3	-30912.127496379413	61834.254992758826	61872.24286085127	30966926421.25483	14725	14729	Linear model assets weighted	NA	NA	all
0.7381401608508782	0.6543891288656452	855.2007762840896	NA	NA	NA	-19369.02251312007	45878.04502624014	73001.38284424781	NA	NA	14729	Linear model assets weighted with fixed effect	6.318258559143697e-4	NA	all
6.827877025104635e-4	2.0760120118035186e-4	2.0892379349089105	1.43688362484849	0.1853965492651573	7	-31747.862563843537	63513.725127687074	63582.10329025348	64255.91590345991	14721	14729	Event study	NA	NA	all
0.0012048379183217251	-0.31859583606480446	NA	1.345738578547326	0.19937875185019313	NA	NA	NA	NA	11955.43973231683	11156	14729	Event study with fixed effects	NA	NA	all
0.006579269599061854	0.006106886940763667	1450.254526708874	NA	NA	NA	-34226.71582726174	68469.43165452348	68530.2122434714	NA	NA	14729	Event study assets weighted	NA	NA	all
0.7382103605441085	0.6543888660894255	855.2011013988401	NA	NA	NA	-19368.53994944501	45883.07989889002	73029.21043775315	NA	NA	14729	Event study assets weighted with fixed effects	8.99737649784571e-4	NA	all
0.0011752486075142475	4.673643046138043e-4	1.9773924255235793	1.6602269646309435	0.1733900226216909	3	-8898.739328059415	17807.47865611883	17839.236709871962	16551.372045524797	4233	4237	Linear model	NA	NA	treat_a
0.0016296475778104645	-0.31053511399454425	NA	2.6337284159308383	0.07196458005730293	NA	NA	NA	NA	3306.7368987311393	3227	4237	Linear model with fixed effect	NA	NA	treat_a
0.00771830167912766	0.007015054550622457	1472.102199112789	10.975233834986524	3.5454399029451443e-7	3	-9005.240325344654	18020.480650689307	18052.23870444244	9173270316.650259	4233	4237	Linear model assets weighted	NA	NA	treat_a
0.7270367720988362	0.6412434894851599	884.8436222206838	NA	NA	NA	-5491.15158565252	13010.30317130504	19450.836472440373	NA	NA	4237	Linear model assets weighted with fixed effect	0.0025985775711266923	NA	treat_a
0.002331370459352891	6.799917866679994e-4	1.977182092053724	1.411772174314444	0.19566856224402007	7	-8896.285781816508	17810.571563633017	17867.736060388655	16532.21412730835	4229	4237	Event study	NA	NA	treat_a
0.004908929220030613	-0.30947678652499255	NA	1.5879795953643683	0.10369819719633655	NA	NA	NA	NA	3295.8754768335816	3219	4237	Event study with fixed effects	NA	NA	treat_a
0.007741168000229948	0.006098743828085618	1472.781258746477	NA	NA	NA	-9624.990230897634	19265.98046179527	19316.79334780028	NA	NA	4237	Event study assets weighted	NA	NA	treat_a
0.7275295551532239	0.6414461620469266	884.5936492538789	NA	NA	NA	-5487.608549118424	13011.217098236848	19477.156842374687	NA	NA	4237	Event study assets weighted with fixed effects	0.004399195636696995	NA	treat_a
0.004154057871453166	0.002943057536477167	2.0774391082771846	3.430269795537012	0.01639393162601313	3	-5310.832395899127	10631.664791798254	10660.726682828197	10646.963264294976	2467	2471	Linear model	NA	NA	treat_b
5.947815011217325e-4	-0.3074845814047824	NA	0.5618078899990911	0.5702726036885217	NA	NA	NA	NA	1804.467033119569	1888	2471	Linear model with fixed effect	NA	NA	treat_b
0.013207653093826354	0.012007662400385422	1653.7028042139907	11.006462938437478	3.5371370047731554e-7	3	-5328.039674626394	10666.079349252788	10695.141240282732	6746586223.829089	2467	2471	Linear model assets weighted	NA	NA	treat_b
0.7436472380001571	0.6639111878239851	964.51214930287	NA	NA	NA	-3123.535349283685	7421.07069856737	10832.936705482683	NA	NA	2471	Linear model assets weighted with fixed effect	8.807491724717176e-4	NA	treat_b
0.005524361836875837	0.0026979998932534777	2.077694390113494	1.9545840012958966	0.057608146180622974	7	-5309.131152408082	10636.262304816164	10688.573708670061	10632.312829560475	2463	2471	Event study	NA	NA	treat_b
0.0044864075933243215	-0.30793541130026014	NA	0.8472457171638854	0.5828930091421842	NA	NA	NA	NA	1797.4405429045535	1880	2471	Event study with fixed effects	NA	NA	treat_b
0.013328567410929582	0.01052438550750956	1654.943694005059	NA	NA	NA	-5719.145783396996	11454.291566793992	11500.790592441901	NA	NA	2471	Event study assets weighted	NA	NA	treat_b
0.7445968379484578	0.6644437179429205	963.7477153590602	NA	NA	NA	-3120.129166678349	7422.258333356698	10857.373853095967	NA	NA	2471	Event study assets weighted with fixed effects	0.004581757039641254	NA	treat_b
4.2167294016466514e-4	-2.593933739800658e-4	1.9798624042821644	0.6191363915776064	0.6025612782753219	3	-9261.362736904672	18532.725473809343	18564.680221133553	17259.12218093546	4403	4407	Linear model	NA	NA	treat_c
0.0017789251161827234	-0.3105369654165968	NA	2.9903559642858166	0.05040350432746343	NA	NA	NA	NA	3452.759757922671	3356	4407	Linear model with fixed effect	NA	NA	treat_c
0.014114131890392281	0.013442394982754569	1543.6419210234	21.01139855487078	1.6398209267422495e-13	3	-9513.479827948158	19036.959655896317	19068.914403220526	10491602164.6406	4403	4407	Linear model assets weighted	NA	NA	treat_c
0.7407776927297314	0.659268053152505	907.1764493970669	NA	NA	NA	-5719.740916666142	13549.481833332284	20291.93351874058	NA	NA	4407	Linear model assets weighted with fixed effect	0.0024593020048642167	NA	treat_c
0.0013251381604323614	-2.640239293327795e-4	1.9798669870193544	0.8338596603623853	0.5589694887320485	7	-9259.370210872865	18536.74042174573	18594.25896692931	17243.522586385734	4399	4407	Event study	NA	NA	treat_c
0.004600886243724139	-0.3099547476732831	NA	1.5474965700803476	0.1162430403539081	NA	NA	NA	NA	3442.9988401613014	3348	4407	Event study with fixed effects	NA	NA	treat_c
0.014188813769860698	0.012620121270744744	1544.2850825547648	NA	NA	NA	-9994.836510561978	20005.673021123956	20056.80061684269	NA	NA	4407	Event study assets weighted	NA	NA	treat_c
0.7413670035008023	0.6596365046070893	906.6858278175475	NA	NA	NA	-5715.9775902633	13549.9551805266	20317.970663794265	NA	NA	4407	Event study assets weighted with fixed effects	0.004727090931290312	NA	treat_c
6.854480063752833e-4	3.763497842925734e-4	2.130630580124157	2.217573435901921	0.08390196588925994	3	-21105.48386354943	42220.96772709886	42256.86867907399	44029.45110224501	9699	9703	Linear model	NA	NA	cit_m22
4.3860545700658205e-4	-0.5269634151875489	NA	1.3934027827886972	0.24830507167792176	NA	NA	NA	NA	6821.720700688201	6351	9703	Linear model with fixed effect	NA	NA	cit_m22
0.004475463563360411	0.00416753763189226	1465.3168106604026	14.534221077197031	1.9204961775903535e-9	3	-20250.334964682683	40510.669929365366	40546.57088134049	20825240396.002945	9699	9703	Linear model assets weighted	NA	NA	cit_m22
0.7599938970856601	0.6330697745863654	889.4676065482919	NA	NA	NA	-12058.185707344339	30830.371414688678	54934.270570788605	NA	NA	9703	Linear model assets weighted with fixed effect	0.0014028211164454074	NA	cit_m22
5.05658378847857e-4	-2.1599818549944416e-4	2.1312617615624943	0.7006911650628808	0.6715722264957191	7	-21106.356632710194	42230.71326542039	42295.33497897562	44037.37257061363	9695	9703	Event study	NA	NA	cit_m22
0.0013770707249288598	-0.5274538325440234	NA	0.8746804576743064	0.556339051034757	NA	NA	NA	NA	6815.315943581702	6343	9703	Event study with fixed effects	NA	NA	cit_m22
0.004892051404031816	0.004173561910460699	1465.312378443973	NA	NA	NA	-22688.572465707854	45393.14493141571	45450.58645457591	NA	NA	9703	Event study assets weighted	NA	NA	cit_m22
0.7600391069233478	0.6329653815813211	889.5941259605742	NA	NA	NA	-12057.732073769983	30835.464147539966	54960.90387482497	NA	NA	9703	Event study assets weighted with fixed effects	0.001590926401371262	NA	cit_m22
