r.squared	adj.r.squared	sigma	statistic	p.value	df	logLik	AIC	BIC	deviance	df.residual	nobs	model	within.r.squared	pseudo.r.squared	population
0.0012474384567035173	0.0010990574491943628	2.078905369310821	8.406995461515402	1.3983313671063747e-5	3	-43437.30393933299	86884.60787866598	86924.17432545352	87271.06726515522	20193	20197	Linear model	NA	NA	all
5.534674111871581e-4	-0.3138594136668402	NA	4.253814266604472	0.014226670445739656	NA	NA	NA	NA	15894.503637563423	15363	20197	Linear model with fixed effect	NA	NA	all
0.001680041109914667	0.0015317243725962992	1435.411976116129	11.327387186977665	2.025551871019608e-7	3	-41954.25393997249	83918.50787994498	83958.07432673253	41605809478.99948	20193	20197	Linear model assets weighted	NA	NA	all
0.7536745445668454	0.676078337157964	817.5784331040705	NA	NA	NA	-26231.902352292353	62141.804704584705	100434.21190556779	NA	NA	20197	Linear model assets weighted with fixed effect	5.682357126650661e-4	NA	all
0.0016420450340043388	0.0012958909062732449	2.0787005350407437	4.743681795064997	2.4481028155248842e-5	7	-43433.31323922922	86884.62647845843	86955.84608267601	87236.58651539107	20189	20197	Event study	NA	NA	all
0.001904339356784291	-0.3127671743634246	NA	2.929692210521789	0.0011237890272865916	NA	NA	NA	NA	15873.020308186642	15355	20197	Event study with fixed effects	NA	NA	all
0.001802421402249621	0.001456322880768357	1435.4661742132514	NA	NA	NA	-46882.032840864194	93780.06568172839	93843.37199658845	NA	NA	20197	Event study assets weighted	NA	NA	all
0.7536893984407094	0.6760345874899749	817.6336433314688	NA	NA	NA	-26231.254202049047	62146.508404098095	100462.65547315372	NA	NA	20197	Event study assets weighted with fixed effects	6.285032694071102e-4	NA	all
0.009827826682564197	0.009271341759380936	1.9862082157702012	17.66054437979357	2.097960229643418e-11	3	-11243.795676198697	22497.591352397394	22530.508129365742	21058.533181786082	5338	5342	Linear model	NA	NA	treat_a
0.0020115335739233032	-0.3064353919562932	NA	4.1117995135744785	0.016446193503841664	NA	NA	NA	NA	4152.474351298708	4080	5342	Linear model with fixed effect	NA	NA	treat_a
0.0019613178496529203	0.001400411883663688	1440.2786008528847	3.496696360135046	0.014891869615071277	3	-11195.971202815388	22401.942405630776	22434.859182599124	11073160267.822979	5338	5342	Linear model assets weighted	NA	NA	treat_a
0.7298724224840062	0.6459505787698349	857.5960286728969	NA	NA	NA	-6907.576155638083	16349.152311276166	24690.263595055938	NA	NA	5342	Linear model assets weighted with fixed effect	0.0017995229926089928	NA	treat_a
0.01063384450565054	0.009335463724161941	1.9861439390214621	8.190081567179694	5.838767415590269e-10	7	-11241.620549106583	22501.241098213166	22560.491296756194	21041.391159893352	5334	5342	Event study	NA	NA	treat_a
0.006519302605346359	-0.3030894903695591	NA	2.6720801197837205	0.0029473103265327204	NA	NA	NA	NA	4133.718227441317	4072	5342	Event study with fixed effects	NA	NA	treat_a
0.0018469066798886269	5.369944839304086e-4	1440.9011190928097	NA	NA	NA	-12174.708148379945	24365.41629675989	24418.08313990925	NA	NA	5342	Event study assets weighted	NA	NA	treat_a
0.7300567146182556	0.6459314618801826	857.6191812984389	NA	NA	NA	-6903.690688421817	16347.381376843634	24708.242726804416	NA	NA	5342	Event study assets weighted with fixed effects	0.0024805363789804913	NA	treat_a
0.010499336618274992	0.009577441590279512	2.0098057632492656	11.388863481675516	1.9890343414160504e-7	3	-6823.131366349578	13656.262732699155	13686.654623217288	13006.607843287682	3220	3224	Linear model	NA	NA	treat_b
3.1741820126492717e-4	-0.29970833446443046	NA	0.393564785094025	0.6746897548782174	NA	NA	NA	NA	2123.932624671674	2479	3224	Linear model with fixed effect	NA	NA	treat_b
0.005444547764290324	0.004517943305685557	1608.565797120663	5.87580570515368	5.363518573599861e-4	3	-6685.653474858598	13381.306949717196	13411.698840235329	8331698234.205919	3220	3224	Linear model assets weighted	NA	NA	treat_b
0.7530583168213851	0.6784270525718481	914.2434656722145	NA	NA	NA	-3905.65903572257	9309.318071445141	13862.023271061404	NA	NA	3224	Linear model assets weighted with fixed effect	5.113695527070306e-4	NA	treat_b
0.011305507233167787	0.009153498076026056	2.010235858945602	5.2534661368186635	5.598630565908646e-6	7	-6821.817494865148	13661.634989730295	13716.340392662934	12996.01103882789	3216	3224	Event study	NA	NA	treat_b
0.0031601789350219106	-0.30020831375654566	NA	0.783355759212806	0.6450653353378526	NA	NA	NA	NA	2117.8928752787237	2471	3224	Event study with fixed effects	NA	NA	treat_b
0.005527692237573656	0.0033631069905782907	1609.4985571582586	NA	NA	NA	-7341.252002694437	14698.504005388873	14747.131030217886	NA	NA	3224	Event study assets weighted	NA	NA	treat_b
0.7535767185418508	0.6785826644517949	914.0222338167434	NA	NA	NA	-3903.3008843246625	9312.601768649325	13889.620480680094	NA	NA	3224	Event study assets weighted with fixed effects	0.0026095840742100807	NA	treat_b
0.007110616373856511	0.006572853573553528	1.9918785458914667	13.222588787937351	1.3402239175109527e-8	3	-11682.735954599697	23375.471909199394	23408.573364946493	21976.426404226597	5539	5543	Linear model	NA	NA	treat_c
0.0019497510734186438	-0.30637564467433	NA	4.1356865817795345	0.016056328962942675	NA	NA	NA	NA	4312.36828385155	4234	5543	Linear model with fixed effect	NA	NA	treat_c
0.004496977360883305	0.003957798977074489	1508.3264737194131	8.340425907128692	1.568635786069716e-5	3	-11803.019692201713	23616.039384403426	23649.140840150525	12601495033.577208	5539	5543	Linear model assets weighted	NA	NA	treat_c
0.7436101779721058	0.6640869045677094	875.9311106472107	NA	NA	NA	-7168.482834200841	16962.96566840168	25655.407947589883	NA	NA	5543	Linear model assets weighted with fixed effect	0.0016278468166356364	NA	treat_c
0.007793963445969728	0.006539140996849824	1.9919123434320352	6.211208168483677	2.88263878669336e-7	7	-11680.827838278517	23379.655676557035	23439.238296901814	21961.30132898005	5535	5543	Event study	NA	NA	treat_c
0.006493583335276304	-0.30288986302789844	NA	2.7621244024776836	0.0021242942912108737	NA	NA	NA	NA	4292.735326338382	4226	5543	Event study with fixed effects	NA	NA	treat_c
0.004643539123183271	0.003384732397593737	1508.7603143740596	NA	NA	NA	-12626.602898700108	25269.205797400216	25322.168126595574	NA	NA	5543	Event study assets weighted	NA	NA	treat_c
0.743861452036723	0.6640984778011167	875.9160212644994	NA	NA	NA	-7164.3559599283235	16962.711919856647	25681.63536364253	NA	NA	5543	Event study assets weighted with fixed effects	0.002606298406276686	NA	treat_c
0.002401341322611605	0.0021745971771435224	2.104763474863117	10.590532856560458	5.952660719030711e-7	3	-28557.958645001097	57125.917290002195	57163.35828677959	58471.956534270656	13199	13203	Linear model	NA	NA	cit_m22
3.916755086071657e-4	-0.5256449826514877	NA	1.6946603316732731	0.18372257387331178	NA	NA	NA	NA	8730.39332368458	8650	13203	Linear model with fixed effect	NA	NA	cit_m22
8.531443545951174e-4	6.260483195215105e-4	1457.740380264563	3.756755833798182	0.010371680329822145	3	-27291.075053290973	54592.15010658195	54629.591103359344	28047967607.534866	13199	13203	Linear model assets weighted	NA	NA	cit_m22
0.7784902990276058	0.6617268858024814	848.1055636078697	NA	NA	NA	-15997.142245896655	41110.28449179331	75241.4971540675	NA	NA	13203	Linear model assets weighted with fixed effect	0.0010732727777729156	NA	cit_m22
0.002606793640485525	0.002077672576103917	2.1048656963568466	4.926648768995136	1.4197729062252052e-5	7	-28556.598946743663	57131.197893487326	57198.59168768664	58459.914418038774	13195	13203	Event study	NA	NA	cit_m22
0.0018776123912911521	-0.5247872901192054	NA	1.6256850349197243	0.09272037077516229	NA	NA	NA	NA	8717.415427120175	8642	13203	Event study with fixed effects	NA	NA	cit_m22
0.0014999180766754883	9.702098104030776e-4	1457.4893524573445	NA	NA	NA	-30740.419686121146	61496.83937224229	61556.744967086124	NA	NA	13203	Event study assets weighted	NA	NA	cit_m22
0.7784978490943402	0.6616209909446285	848.2383010126164	NA	NA	NA	-15997.248668967099	41116.4973379342	75270.17459827484	NA	NA	13203	Event study assets weighted with fixed effects	0.0011073207829849219	NA	cit_m22
