r.squared	adj.r.squared	sigma	statistic	p.value	df	logLik	AIC	BIC	deviance	df.residual	nobs	model	within.r.squared	pseudo.r.squared	population
4.267640204270145e-4	1.5529831186911203e-5	1133604.0789012027	1.0377639593041237	0.37455242485564555	3	-112063.4730679657	224136.9461359314	224171.42154359017	9370644450558930	7292	7296	Linear model	NA	NA	all
0.006006119597276037	-0.2154182630804342	NA	18.02451213423732	1.568949036801588e-8	NA	NA	NA	NA	696959176541575.6	5966	7296	Linear model with fixed effect	NA	NA	all
0.026111823914006668	0.025711156809199	1273098568.7280874	65.1708702827924	1.4066437126832482e-41	3	-115759.66146370283	231529.32292740565	231563.79833506444	11818727509866203e6	7292	7296	Linear model assets weighted	NA	NA	all
0.8432257425766109	0.8081737323207608	564900818.056727	NA	NA	NA	-102596.08915805575	207860.1783161115	217058.21707947156	NA	NA	7296	Linear model assets weighted with fixed effect	3.6787702268337164e-05	NA	all
6.183894426639416e-4	-3.414995905277607e-4	1133806.4289884153	0.644230136277035	0.7195413832856081	7	-112062.77365292521	224143.54730585043	224205.60303963622	9368848030211890	7288	7296	Event study	NA	NA	all
0.010563801447737553	-0.2114698000065045	NA	6.361110409919697	8.498107738773108e-10	NA	NA	NA	NA	693763464523563.6	5958	7296	Event study with fixed effects	NA	NA	all
0.027402560251637564	0.02646839695879466	1272603731.519863	NA	NA	NA	-114696.61172179464	229409.2234435893	229464.38409584333	NA	NA	7296	Event study assets weighted	NA	NA	all
0.8436838561858697	0.8086058628526216	564264178.124035	NA	NA	NA	-102603.15383535883	207882.30767071765	217107.92676020472	NA	NA	7296	Event study assets weighted with fixed effects	0.002958802858587184	NA	all
0.06528081933333085	0.06334290810872811	1032123.8150191086	33.68617638649401	4.806591210426515e-21	3	-22149.061509827476	44308.12301965495	44334.523060919375	1541459537109329.8	1447	1451	Linear model	NA	NA	treat_a
0.003206853276943567	-0.22280039149613518	NA	1.9013476295500509	0.14982374726480016	NA	NA	NA	NA	134166362894769.97	1182	1451	Linear model with fixed effect	NA	NA	treat_a
0.0024843823870715656	4.1627813493694266e-4	1349760285.5312374	1.2012848890510652	0.30794493031440673	3	-23095.82898714023	46201.65797428046	46228.058015544884	26362210426909905e5	1447	1451	Linear model assets weighted	NA	NA	treat_a
0.8511126628296736	0.8167346019550312	577946043.9146767	NA	NA	NA	-20384.073553345555	41314.14710669111	42755.589359728496	NA	NA	1451	Linear model assets weighted with fixed effect	0.0014817465118240891	NA	treat_a
0.0662936237006606	0.061764209539818316	1032993.2508052822	14.636246840437556	1.615598318163042e-18	7	-22148.274976333832	44314.549952667665	44362.07002694362	1539789306109968.8	1443	1451	Event study	NA	NA	treat_a
0.00987507311992506	-0.2228970561977075	NA	1.1708962705669048	0.3062978678381254	NA	NA	NA	NA	133268833847487.94	1174	1451	Event study with fixed effects	NA	NA	treat_a
0.004428057292191201	-4.0146703140875317e-4	1350312282.4649632	NA	NA	NA	-22659.507195504022	45335.014391008044	45377.254457031115	NA	NA	1451	Event study assets weighted	NA	NA	treat_a
0.8517320786786715	0.8168752249438447	577724266.925132	NA	NA	NA	-20384.2590024365	41322.518004873	42785.08029092192	NA	NA	1451	Event study assets weighted with fixed effects	0.0056358810640237955	NA	treat_a
0.004835038337525928	0.0017476599662876735	1218017.4614744869	1.5660660133427995	0.19601872228197842	3	-14982.15093142732	29974.30186285464	29998.693495196098	1434608840753680.3	967	971	Linear model	NA	NA	treat_b
0.02621072565011933	-0.18665275894395017	NA	10.71265527720251	2.5648663120976955e-5	NA	NA	NA	NA	144938043153325.8	796	971	Linear model with fixed effect	NA	NA	treat_b
0.052139338193320346	0.049198715664447557	1611660142.5156422	17.730714391726316	3.2920650730428393e-11	3	-15335.753080904513	30681.506161809026	30705.89779415048	25117326172794137e5	967	971	Linear model assets weighted	NA	NA	treat_b
0.8402079769050681	0.8042951232296919	731188596.8140367	NA	NA	NA	-13880.357730844864	28118.715461689728	28991.935899513875	NA	NA	971	Linear model assets weighted with fixed effect	0.031996134083579486	NA	treat_b
0.007667469926198987	4.542531966905683e-4	1218806.2810944444	1.0629751210485985	0.38538038688962883	7	-14980.767134493757	29979.534268987514	30023.439207202136	1430525667054364.8	963	971	Event study	NA	NA	treat_b
0.04868646636534771	-0.1710331568852954	NA	4.032838190508481	2.050622618727939e-5	NA	NA	NA	NA	141592771272136.4	788	971	Event study with fixed effects	NA	NA	treat_b
0.05774001245263194	0.050890770590916956	1610225441.1399953	NA	NA	NA	-15204.028281977355	30424.05656395471	30463.08317570104	NA	NA	971	Event study assets weighted	NA	NA	treat_b
0.8435130564763647	0.8073701329721747	725421458.5437803	NA	NA	NA	-13882.350123505386	28130.700247010773	29023.433990708087	NA	NA	971	Event study assets weighted with fixed effects	0.052017970844953965	NA	treat_b
0.06714946718790309	0.06525471322823051	1043082.789226257	35.439676399731276	4.079478044068965e-22	3	-22622.685791227395	45255.37158245479	45281.87394652613	1607008058550901.5	1477	1481	Linear model	NA	NA	treat_c
0.002961830469031214	-0.2225488739899204	NA	1.7927745824426957	0.1669406347679381	NA	NA	NA	NA	136732314610628.48	1207	1481	Linear model with fixed effect	NA	NA	treat_c
0.0014284065090879967	-5.998364025388003e-4	1362425266.7883153	0.7042581048353485	0.5494931195916231	3	-23583.820943481434	47177.64188696287	47204.14425103421	2741611251400404e6	1477	1481	Linear model assets weighted	NA	NA	treat_c
0.8537612249379549	0.82008862253381	577712533.6399214	NA	NA	NA	-20803.940745118787	42163.881490237574	43637.41293260402	NA	NA	1481	Linear model assets weighted with fixed effect	0.0017504023147110193	NA	treat_c
0.06814144021818443	0.06371305602370203	1043942.6029229591	15.387427383352309	1.5099180666451974e-19	7	-22621.897940617204	45261.79588123441	45309.50013656282	1605299201025010.5	1473	1481	Event study	NA	NA	treat_c
0.008738285913321025	-0.22357576050732675	NA	1.0569564688297561	0.3929484865173666	NA	NA	NA	NA	135940140201182.88	1199	1481	Event study with fixed effects	NA	NA	treat_c
0.00330814480713848	-0.001428340587532384	1362989199.2577956	NA	NA	NA	-23134.712572832694	46285.42514566539	46327.82892817953	NA	NA	1481	Event study assets weighted	NA	NA	treat_c
0.8544191324025934	0.8203005137246357	577372232.0355695	NA	NA	NA	-20805.093399324694	42174.18679864939	43668.920132272906	NA	NA	1481	Event study assets weighted with fixed effects	0.006241385377245834	NA	treat_c
0.0034944369003408644	0.0025708914294423346	1183442.1181942204	3.783719384104141	0.010054753514093828	3	-49918.72095885411	99847.44191770822	99877.86010372393	4533532594914567	3237	3241	Linear model	NA	NA	cit_m22
0.022838167904563708	-0.5177393748749823	NA	24.376933627646356	3.4281072144173996e-11	NA	NA	NA	NA	239704970136541.7	2086	3241	Linear model with fixed effect	NA	NA	cit_m22
0.02764492735359735	0.02674376417227542	1350230932.2498703	30.67693834655278	1.5036142068946057e-19	3	-51196.595982797735	102403.19196559547	102433.61015161118	5901450997398893e6	3237	3241	Linear model assets weighted	NA	NA	cit_m22
0.8843020565413104	0.8198648069167929	580889785.9598216	NA	NA	NA	-45156.85705386317	92633.71410772634	99690.73326337054	NA	NA	3241	Linear model assets weighted with fixed effect	2.8983445030272836e-4	NA	cit_m22
0.0038182644968873802	0.001661360027811587	1183981.5713194527	1.770252021650081	0.08880426546360777	7	-49918.194270471846	99854.38854094369	99909.14127577197	4532059363837451	3233	3241	Event study	NA	NA	cit_m22
0.03581128344583203	-0.5033548804790684	NA	7.717975301182458	3.14036228515345e-12	NA	NA	NA	NA	236522569666877.78	2078	3241	Event study with fixed effects	NA	NA	cit_m22
0.03030770184586662	0.028208151556018524	1349214753.062112	NA	NA	NA	-50909.11648452076	101834.23296904152	101882.90206666665	NA	NA	3241	Event study assets weighted	NA	NA	cit_m22
0.8850055679592913	0.8207016555284425	579538904.1516482	NA	NA	NA	-45156.238464248	92638.476928496	99713.74699574962	NA	NA	3241	Event study assets weighted with fixed effects	0.006368659147707789	NA	cit_m22
