r.squared	adj.r.squared	sigma	statistic	p.value	df	logLik	AIC	BIC	deviance	df.residual	nobs	model	within.r.squared	pseudo.r.squared	population
0.02559385102339087	0.025493898262434533	0.3975661429051945	256.05947027880734	4.8402643187019575e-164	3	-14521.928586051488	29053.857172102977	29095.275346366278	4622.588775695082	29246	29250	Linear model	NA	NA	all
0.06614216278645889	-0.13985760884108256	NA	848.6113108931416	0	NA	NA	NA	NA	1639.7159078895556	23963	29250	Linear model with fixed effect	NA	NA	all
0.01745452656744365	0.017353738889802406	445.07946580846243	173.1811564263093	2.6897224780897503e-111	3	-28922.666034788796	57855.33206957759	57896.75024384089	5793507745.443592	29246	29250	Linear model assets weighted	NA	NA	all
0.6902184983313503	0.6218206460074989	276.1136410426459	NA	NA	NA	1259.336812486832	8063.326375026336	51892.03838045041	NA	NA	29250	Linear model assets weighted with fixed effect	0.011719373669932365	NA	all
0.03100665228418905	0.030774692998435493	0.3964874851395139	133.6728218636963	1.313128760190345e-194	7	-14440.460598358472	28898.921196716943	28973.473910390883	4596.910413156517	29242	29250	Event study	NA	NA	all
0.13278253592111114	-0.05887053253364316	NA	366.7829327410142	0	NA	NA	NA	NA	1522.7052928022456	23955	29250	Event study with fixed effects	NA	NA	all
0.020976223431650176	0.020741863044673292	444.3114953486465	NA	NA	NA	-14702.699075120672	29421.398150241344	29487.667229062623	NA	NA	29250	Event study assets weighted	NA	NA	all
0.6909341078055544	0.622631255237097	275.8175641558662	NA	NA	NA	1233.4213690710058	8123.1572618579885	51985.0038066927	NA	NA	29250	Event study assets weighted with fixed effects	0.014002347235379742	NA	all
0.05469292095208378	0.05431685395339081	0.3924942772894903	145.4339815569278	1.2832545903943627e-91	3	-3647.5552880475066	7305.110576095013	7339.753777951023	1161.7043048534	7541	7545	Linear model	NA	NA	treat_a
0.10932809463589978	-0.08672632283143655	NA	379.47509350119344	3.5680829000293106e-156	NA	NA	NA	NA	473.1593288445367	6183	7545	Linear model with fixed effect	NA	NA	treat_a
0.09503183717186887	0.09467181801148117	421.1942998279391	263.9632764809076	6.546968045024349e-163	3	-7005.707919268585	14021.41583853717	14056.05904039318	1337808376.7231185	7541	7545	Linear model assets weighted	NA	NA	treat_a
0.6553513093302409	0.579215128271134	287.15046503090906	NA	NA	NA	-41.97818361235841	2815.956367224717	12280.47911428658	NA	NA	7545	Linear model assets weighted with fixed effect	0.034587821044247846	NA	treat_a
0.07206241231817602	0.07120058889854308	0.38897480350359076	83.61621496533009	1.4514641494519231e-117	7	-3577.5929543778684	7173.185908755737	7235.5436720965545	1140.358634922072	7537	7545	Event study	NA	NA	treat_a
0.18374992006298999	0.0027869468753354276	NA	139.00834857824051	2.4733013022085157e-263	NA	NA	NA	NA	433.6235797562292	6175	7545	Event study with fixed effects	NA	NA	treat_a
0.10804755758407014	0.10721915542181581	418.26535846663575	NA	NA	NA	-3716.0357740276195	7448.071548055239	7503.5006710248545	NA	NA	7545	Event study assets weighted	NA	NA	treat_a
0.6574379067403959	0.5814917519756353	286.37260888254383	NA	NA	NA	-65.07042035006452	2870.140840700129	12362.378149246799	NA	NA	7545	Event study assets weighted with fixed effects	0.04043269034703467	NA	treat_a
0.060602426652429375	0.05998467287775988	0.39658639897633696	98.10126483620778	1.5626459265462425e-61	3	-2253.9555075182384	4517.911015036477	4550.042979171925	717.5148811934697	4562	4566	Linear model	NA	NA	treat_b
0.13232764757604717	-0.055683445846307134	NA	286.1064619140793	2.2667541040355395e-116	NA	NA	NA	NA	297.34506777650796	3752	4566	Linear model with fixed effect	NA	NA	treat_b
0.06599905274487966	0.0653848478255975	484.10507834809437	107.45445155667477	3.198362832759114e-67	3	-4244.752587459792	8499.505174919585	8531.637139055034	1069139950.0375752	4562	4566	Linear model assets weighted	NA	NA	treat_b
0.6646416360831282	0.5915392392527963	320.03568085749475	NA	NA	NA	-76.81315904556595	1789.626318091132	7046.41565065054	NA	NA	4566	Linear model assets weighted with fixed effect	0.022736570804434586	NA	treat_b
0.08528329738982311	0.08387851087857456	0.3915136278355416	60.70908049509969	9.507667463151272e-84	7	-2193.1720304122755	4404.344060824551	4462.181596268359	698.6635529195563	4558	4566	Event study	NA	NA	treat_b
0.2046638713191766	0.030259234127147705	NA	96.34436392195171	6.166485487836193e-178	NA	NA	NA	NA	272.555964733739	3744	4566	Event study with fixed effects	NA	NA	treat_b
0.08292999357494113	0.08152159295076933	479.90768553360186	NA	NA	NA	-2219.83644482137	4455.67288964274	4507.084032259459	NA	NA	4566	Event study assets weighted	NA	NA	treat_b
0.6660985566476987	0.5928792497587458	319.5102895347501	NA	NA	NA	-78.00446160811407	1800.0089232162281	7082.503827083995	NA	NA	4566	Event study assets weighted with fixed effects	0.02698216399724529	NA	treat_b
0.04661811696006627	0.04625689624156171	0.39079707104853556	129.05715140884544	1.2715109511621051e-81	3	-3795.5819407376266	7601.163881475253	7636.050876366163	1209.255573160224	7918	7922	Linear model	NA	NA	treat_c
0.09759938892574216	-0.10018704637820486	NA	351.3424204665385	1.3028316378416009e-145	NA	NA	NA	NA	492.00141662576254	6497	7922	Linear model with fixed effect	NA	NA	treat_c
0.07140840995843027	0.07105658187430242	429.7592963783941	202.96392806570628	7.889412904971408e-127	3	-7302.75313896405	14615.5062779281	14650.393272819008	1462399592.2576795	7918	7922	Linear model assets weighted	NA	NA	treat_c
0.6494070530550782	0.5723014426689164	291.60807208225424	NA	NA	NA	-44.92027451434933	2947.8405490286987	12918.54368885058	NA	NA	7922	Linear model assets weighted with fixed effect	0.021781188219339276	NA	treat_c
0.06113909666938013	0.060308666251978726	0.38790752590443667	73.62338299300382	1.0604642664408432e-103	7	-3734.787702128966	7487.575404257932	7550.371995061569	1190.8373758422256	7914	7922	Event study	NA	NA	treat_c
0.16518488777176518	-0.019043073502827523	NA	128.39785972369026	1.380524404240915e-245	NA	NA	NA	NA	455.15285871529153	6489	7922	Event study with fixed effects	NA	NA	treat_c
0.08072079033696922	0.07990768009339566	427.70699374446946	NA	NA	NA	-3870.125854260653	7756.251708521306	7812.070900346761	NA	NA	7922	Event study assets weighted	NA	NA	treat_c
0.6503261938487026	0.5731597752312487	291.31531635114123	NA	NA	NA	-64.8582228247933	2995.7164456495866	12994.329181384195	NA	NA	7922	Event study assets weighted with fixed effects	0.024345760104864445	NA	treat_c
0.021104061733257382	0.02087990420216823	0.3972564372447983	94.14835018349174	2.7793694028916635e-60	3	-6495.003479773259	13000.006959546517	13037.410705125305	2067.5038804917704	13101	13105	Linear model	NA	NA	cit_m22
0.05437494356640495	-0.44810923682433446	NA	246.02054954663683	1.2990283953973071e-104	NA	NA	NA	NA	572.6034963629604	8557	13105	Linear model with fixed effect	NA	NA	cit_m22
0.01652269295407496	0.016297486334646116	474.58462384566803	73.36681752950297	4.725507070338834e-47	3	-12362.742967905433	24735.485935810866	24772.889681389654	2950745634.563809	13101	13105	Linear model assets weighted	NA	NA	cit_m22
0.7425727729317069	0.6055511712461513	300.52257968581296	NA	NA	NA	2165.4357867750114	4775.128426449977	38834.979150493906	NA	NA	13105	Linear model assets weighted with fixed effect	0.00882952324634878	NA	cit_m22
0.023460850777682233	0.022938916438172807	0.39683851795914293	44.949812652160574	2.7200006147510333e-63	7	-6479.2086648085715	12976.417329617143	13043.74407165896	2062.52615987371	13097	13105	Event study	NA	NA	cit_m22
0.11669096169183871	-0.35394568230087087	NA	112.93793997786497	1.1863202458362787e-221	NA	NA	NA	NA	534.8693335303695	8549	13105	Event study with fixed effects	NA	NA	cit_m22
0.018595730833105284	0.01807119621569908	474.15657002963377	NA	NA	NA	-6585.941599215267	13187.883198430534	13247.729191356595	NA	NA	13105	Event study assets weighted	NA	NA	cit_m22
0.7430618964216135	0.6061624857537516	300.28961531339377	NA	NA	NA	2158.4247130022686	4795.150573995463	38877.44354538666	NA	NA	13105	Event study assets weighted with fixed effects	0.010712792425772166	NA	cit_m22
