r.squared	adj.r.squared	sigma	statistic	p.value	df	logLik	AIC	BIC	deviance	df.residual	nobs	model	within.r.squared	pseudo.r.squared	population
0.19016418141220792	0.19008110996805272	0.37875426177483296	2289.1642651221828	0	3	-13104.07261164788	26218.14522329576	26259.56339755906	4195.478812105262	29246	29250	Linear model	NA	NA	all
0.05293376682641736	-0.15597964587464497	NA	669.6743110619745	1.0027517067968496e-283	NA	NA	NA	NA	1444.9281982917064	23963	29250	Linear model with fixed effect	NA	NA	all
0.2248605498196792	0.22478103746412492	421.17061075912693	2827.9950738741263	0	3	-27307.632015259354	54625.26403051871	54666.68220478201	5187792449.757601	29246	29250	Linear model assets weighted	NA	NA	all
0.7611536762197657	0.7084178753600703	258.3011340605967	NA	NA	NA	2653.832286383844	5274.335427232312	49103.047432656385	NA	NA	29250	Linear model assets weighted with fixed effect	0.0186574635327853	NA	all
0.19089356240388666	0.1906998771202819	0.3786095525465072	985.5863019172322	0	7	-13090.894627461847	26199.789254923693	26274.341968597633	4191.700141878156	29242	29250	Event study	NA	NA	all
0.11515733261123232	-0.08039086530803874	NA	311.76094964355275	0	NA	NA	NA	NA	1349.9944105044633	23955	29250	Event study with fixed effects	NA	NA	all
0.22467802890499866	0.2244924310047981	421.24900231913193	NA	NA	NA	-13392.388712187392	26800.777424374784	26867.046503196063	NA	NA	29250	Event study assets weighted	NA	NA	all
0.7644927317499993	0.7124461661847519	256.5106764429849	NA	NA	NA	2943.9992068907923	4702.0015862184155	48563.84813105313	NA	NA	29250	Event study assets weighted with fixed effects	0.03237656614061679	NA	all
0.38213312307606306	0.3818873200485108	0.34236147790445953	1554.631474157791	0	3	-2616.494632337073	5242.989264674146	5277.632466530156	883.891028290613	7541	7545	Linear model	NA	NA	treat_a
0.06329833162150722	-0.14288814268920413	NA	208.91047685082492	1.6047214720681064e-88	NA	NA	NA	NA	347.7031443222076	6183	7545	Linear model with fixed effect	NA	NA	treat_a
0.46083192262382316	0.46061742796368144	352.177518642894	2148.454056242685	0	3	-5655.463138013976	11320.926276027953	11355.569477883962	935302723.9711306	7541	7545	Linear model assets weighted	NA	NA	treat_a
0.7957248380823079	0.7505985076052646	239.4763875167966	NA	NA	NA	832.935927983197	1066.128144033606	10530.650891095469	NA	NA	7545	Linear model assets weighted with fixed effect	0.03478555798071947	NA	treat_a
0.3850366459094383	0.38446549777641004	0.3416467287139888	674.1449785854288	0	7	-2598.724853715738	5215.449707431476	5277.8074707722935	879.7373863351899	7537	7545	Event study	NA	NA	treat_a
0.12312115995289985	-0.07128323389721825	NA	86.70219054074983	5.901377476556878e-168	NA	NA	NA	NA	325.4969433349756	6175	7545	Event study with fixed effects	NA	NA	treat_a
0.4620589611190099	0.4615593475761989	351.8698818402068	NA	NA	NA	-2774.398403766074	5564.796807532148	5620.225930501763	NA	NA	7545	Event study assets weighted	NA	NA	treat_a
0.7989506261754638	0.7543778986020564	237.65496703601372	NA	NA	NA	977.4403113456028	785.1193773087944	10277.356685855464	NA	NA	7545	Event study assets weighted with fixed effects	0.05002763256863463	NA	treat_a
0.38515521316396445	0.38475088735061325	0.3104569487333285	952.5862570377875	0	3	-1135.9764296115254	2281.952859223051	2314.0848233584998	439.7016046306808	4562	4566	Linear model	NA	NA	treat_b
0.0589352150749955	-0.14497887611477744	NA	117.48655911026519	3.2376037221388633e-50	NA	NA	NA	NA	171.88888325418085	3752	4566	Linear model with fixed effect	NA	NA	treat_b
0.33412263852730933	0.33368475337070735	382.26645260910925	763.0371422501546	0	3	-3166.3359786126966	6342.671957225393	6374.803921360842	666634297.2855875	4562	4566	Linear model assets weighted	NA	NA	treat_b
0.7719162020150696	0.7221978287616844	246.8278320905963	NA	NA	NA	973.6190060774288	-311.23801215485764	4945.55132040455	NA	NA	4566	Linear model assets weighted with fixed effect	0.03907322244879785	NA	treat_b
0.3874754506321329	0.38653475913463964	0.3100065479120329	411.9049142727451	0	7	-1127.3447841994694	2272.6895683989387	2330.5271038427463	438.04230433291343	4558	4566	Event study	NA	NA	treat_b
0.09977511311806164	-0.09762997025001297	NA	41.49607825305685	1.8235910314671908e-78	NA	NA	NA	NA	164.4293283124849	3744	4566	Event study with fixed effects	NA	NA	treat_b
0.3363882221001512	0.3353690728142146	381.78299809900506	NA	NA	NA	-1166.1909417015495	2348.381883403099	2399.793026019817	NA	NA	4566	Event study assets weighted	NA	NA	treat_b
0.775685885158582	0.7264973466209739	244.91031839006962	NA	NA	NA	1059.0373858925477	-474.07477178509544	4808.420132082671	NA	NA	4566	Event study assets weighted with fixed effects	0.054955058455946615	NA	treat_b
0.4043073714284865	0.4040816732868202	0.3355852725273968	1791.3633158135997	0	3	-2588.9636168557013	5187.927233711403	5222.814228602312	891.7051681370399	7918	7922	Linear model	NA	NA	treat_c
0.06179625610993441	-0.1438374411810388	NA	213.967530273131	1.0170203812497792e-90	NA	NA	NA	NA	351.792794418312	6497	7922	Linear model with fixed effect	NA	NA	treat_c
0.4864591770182974	0.48626460484490197	348.73144915943914	2500.14772682646	0	3	-5647.664049678366	11305.328099356731	11340.21509424764	962936671.9248469	7918	7922	Linear model assets weighted	NA	NA	treat_c
0.8035093512999207	0.7602953290692549	238.209796794132	NA	NA	NA	1027.135750614153	803.7284987716939	10774.431638593574	NA	NA	7922	Linear model assets weighted with fixed effect	0.03014453028253372	NA	treat_c
0.4069139221307239	0.40638933247377607	0.33493487499954044	775.6804137127892	0	7	-2571.593581842149	5161.187163684298	5223.983754487935	887.80336606544	7914	7922	Event study	NA	NA	treat_c
0.12042467571360865	-0.0736810207539691	NA	88.8423878125028	1.5359140758498423e-172	NA	NA	NA	NA	329.80923732951146	6489	7922	Event study with fixed effects	NA	NA	treat_c
0.4872523307968688	0.48679880114253193	348.55009169058235	NA	NA	NA	-2749.068294931315	5514.13658986263	5569.955781688085	NA	NA	7922	Event study assets weighted	NA	NA	treat_c
0.8062784253477252	0.76352772494673	236.59822656674874	NA	NA	NA	1171.4747658511142	523.0504682977717	10521.66320403238	NA	NA	7922	Event study assets weighted with fixed effects	0.04381236449796844	NA	treat_c
0.18630061457476474	0.18611428542765573	0.37835118928249656	999.8468702576534	0	3	-5856.014513303144	11722.029026606288	11759.432772185075	1875.4032034748136	13101	13105	Linear model	NA	NA	cit_m22
0.04482145388511089	-0.46273923901945846	NA	200.7672714462089	6.191377784960103e-86	NA	NA	NA	NA	505.25511155241134	8557	13105	Linear model with fixed effect	NA	NA	cit_m22
0.20191458995026884	0.20173183624977653	450.05586333502595	1104.845425325942	0	3	-11667.283819797813	23344.567639595625	23381.971385174413	2653611219.8814077	13101	13105	Linear model assets weighted	NA	NA	cit_m22
0.7904870035272944	0.6789688604094557	285.40764343095725	NA	NA	NA	2794.789219684355	3516.42156063129	37576.272284675215	NA	NA	13105	Linear model assets weighted with fixed effect	0.012335082860274849	NA	cit_m22
0.18596230452922174	0.18552722291753254	0.3784876186090343	427.41936117952633	0	7	-5858.738265967324	11735.476531934648	11802.803273976466	1876.182935836104	13097	13105	Event study	NA	NA	cit_m22
0.10547206534863396	-0.3711421283976488	NA	100.79961192233746	2.1306180403231403e-198	NA	NA	NA	NA	473.1731185204563	8549	13105	Event study with fixed effects	NA	NA	cit_m22
0.20212764490480528	0.2017012032398694	450.0644985494088	NA	NA	NA	-5982.669139399752	11981.338278799503	12041.184271725564	NA	NA	13105	Event study assets weighted	NA	NA	cit_m22
0.7935816022682711	0.6835996392704906	283.3417059818521	NA	NA	NA	2939.6528022412804	3232.6943955174393	37314.98736690864	NA	NA	13105	Event study assets weighted with fixed effects	0.026923326360890898	NA	cit_m22
