r.squared	adj.r.squared	sigma	statistic	p.value	df	logLik	AIC	BIC	deviance	df.residual	nobs	model	within.r.squared	pseudo.r.squared	population
0.005029151787530047	0.00489188918545902	1198100.8264108475	36.63890755128081	1.3100754469759051e-23	3	-335278.3116198752	670566.6232397504	670606.560084933	31215199805497244	21746	21750	Linear model	NA	NA	all
0.005075256203964712	-0.27646403095917726	NA	43.23731202089394	1.862111494413437e-19	NA	NA	NA	NA	3188981685113529.5	16952	21750	Linear model with fixed effect	NA	NA	all
0.03210497271635886	0.03197144539722652	1559054328.5789065	240.4374844412908	1.7186502207115393e-153	3	-348629.38721876254	697268.7744375251	697308.7112827076	5285692358667075e7	21746	21750	Linear model assets weighted	NA	NA	all
0.8431722673794404	0.7987345042329291	710889056.9405814	NA	NA	NA	-310578.1511325706	630762.3022651412	669125.6357475315	NA	NA	21750	Linear model assets weighted with fixed effect	0.006936082201941862	NA	all
0.007228604305391361	0.0069089741071639565	1196885.9347942104	22.615523644128192	9.526250278721705e-31	7	-335254.2450629894	670526.4901259788	670598.3764473075	31146196427226320	21742	21750	Event study	NA	NA	all
0.012218465963269384	-0.2678978153780014	NA	20.959056243498445	2.912153544672356e-39	NA	NA	NA	NA	3166085918134748.5	16944	21750	Event study with fixed effects	NA	NA	all
0.03621897242440464	0.03590867589266744	1555880553.112239	NA	NA	NA	-341497.31044995063	683010.6208999013	683074.5198521934	NA	NA	21750	Event study assets weighted	NA	NA	all
0.8446941800336636	0.8006523678914159	707493910.1725429	NA	NA	NA	-310575.6683780861	630763.3367561722	669150.6323456721	NA	NA	21750	Event study assets weighted with fixed effects	0.016573131196369717	NA	all
0.010119614646443852	0.0094942953884819	1102349.8156797653	16.183116892046485	1.831209122648513e-10	3	-72870.48748347962	145750.97496695924	145783.30762334232	5770866626497631	4749	4753	Linear model	NA	NA	treat_a
0.01879858553872604	-0.26565394178066604	NA	35.29040424523474	6.584776351162898e-16	NA	NA	NA	NA	691436766216019.6	3684	4753	Linear model with fixed effect	NA	NA	treat_a
0.07894550658137207	0.07836366546108231	1406272118.7194753	135.68224009685343	2.4296388516375655e-84	3	-75940.21624748922	151890.43249497845	151922.76515136153	9391628440194983e6	4749	4753	Linear model assets weighted	NA	NA	treat_a
0.8091991846380322	0.7536180775543285	727099744.6745634	NA	NA	NA	-67859.08240670779	137864.16481341558	144802.7528732224	NA	NA	4753	Linear model assets weighted with fixed effect	0.023867269552306558	NA	treat_a
0.012221345809483638	0.01076413810045651	1101642.9748179424	8.386824838885278	3.1788753266705093e-10	7	-72865.43629326993	145748.87258653986	145807.0713680294	5758613822617367	4745	4753	Event study	NA	NA	treat_a
0.036316068650910846	-0.24576334106933406	NA	13.852868561776324	2.6132331399558337e-24	NA	NA	NA	NA	679092479205398.9	3676	4753	Event study with fixed effects	NA	NA	treat_a
0.08373677009785385	0.08238506459536388	1403200753.3593636	NA	NA	NA	-74558.62782260316	149133.25564520631	149184.98789541924	NA	NA	4753	Event study assets weighted	NA	NA	treat_a
0.8130417457375635	0.7583172948163497	720132413.3241086	NA	NA	NA	-67842.80491128689	137839.60982257378	144804.06400748706	NA	NA	4753	Event study assets weighted with fixed effects	0.04352572672861288	NA	treat_a
0.018155122823696603	0.0168330695779475	1138785.860433611	13.732520140223317	7.103684657298014e-9	3	-34291.36523467754	68592.73046935508	68621.2837359726	2889344449637602.5	2228	2232	Linear model	NA	NA	treat_b
0.03036225736256369	-0.26432601041737014	NA	26.788263318856195	3.5029777163120065e-12	NA	NA	NA	NA	413229647253074.1	1711	2232	Linear model with fixed effect	NA	NA	treat_b
0.09738040827314967	0.0961650318031404	1574299074.7873232	80.12365771110463	3.1942699952526244e-49	3	-35599.901797624465	71209.80359524893	71238.35686186644	5521914361280223e6	2228	2232	Linear model assets weighted	NA	NA	treat_b
0.7919650846196593	0.7279449611878428	863716184.1842061	NA	NA	NA	-32123.59990382842	65299.19980765684	68303.00345581847	NA	NA	2232	Linear model assets weighted with fixed effect	0.019352969084159732	NA	treat_b
0.02248046404608743	0.0194037388879591	1137296.1042894816	7.3066208031929225	1.089365283403923e-8	7	-34286.438036232066	68590.87607246413	68642.27195237564	2876615961722438.5	2224	2232	Event study	NA	NA	treat_b
0.05673419916207998	-0.23571697103311795	NA	10.24296026498519	6.258259696533006e-17	NA	NA	NA	NA	401990740465524.9	1703	2232	Event study with fixed effects	NA	NA	treat_b
0.10691676262046612	0.10410579919346219	1567368206.8136578	NA	NA	NA	-34900.974778383425	69817.94955676685	69863.63478335486	NA	NA	2232	Event study assets weighted	NA	NA	treat_b
0.7983195975027727	0.7357903828706318	851171319.051427	NA	NA	NA	-32115.80890701058	65289.61781402116	68310.5534221533	NA	NA	2232	Event study assets weighted with fixed effects	0.04930723988696628	NA	treat_b
0.010317487577069209	0.009712423884941757	1093499.2782686357	17.051903314168857	5.147942670653565e-11	3	-75253.33809916551	150516.67619833103	150549.17236266122	5867499475413752	4907	4911	Linear model	NA	NA	treat_c
0.015318365518742442	-0.2709744546012025	NA	29.588783010050395	1.7728975116342774e-13	NA	NA	NA	NA	719841718197670.25	3804	4911	Linear model with fixed effect	NA	NA	treat_c
0.12719491377195952	0.12666130560837996	1414265684.9487436	238.36763088245533	2.1916600775922908e-144	3	-78362.83088867	156735.66177734	156768.1579416702	9814723427348706e6	4907	4911	Linear model assets weighted	NA	NA	treat_c
0.8179056151452595	0.7647148869376906	734068988.7949117	NA	NA	NA	-70126.76744792536	142475.53489585072	149696.18261002033	NA	NA	4911	Linear model assets weighted with fixed effect	0.018893631851227055	NA	treat_c
0.013537826137750546	0.0121294567277902	1092163.9901985733	9.612411375884246	6.343272728289193e-12	7	-75245.33509372725	150508.6701874545	150567.16328324884	5848407155828159	4903	4911	Event study	NA	NA	treat_c
0.03236797558027286	-0.25159990513721286	NA	12.697888474329739	4.803047085524167e-22	NA	NA	NA	NA	707377770286462.25	3796	4911	Event study with fixed effects	NA	NA	treat_c
0.13481834605180854	0.1335831285160881	1408650011.0459042	NA	NA	NA	-76971.60116967867	153959.20233935735	154011.19620228568	NA	NA	4911	Event study assets weighted	NA	NA	treat_c
0.8215771477144965	0.7692159629289195	727013601.0756919	NA	NA	NA	-70114.29078415099	142458.58156830198	149705.22621393573	NA	NA	4911	Event study assets weighted with fixed effects	0.03867548282602551	NA	treat_c
0.013409156368166041	0.013107815243049492	1236215.2047959736	44.498262104040336	1.4865970634989416e-28	3	-151775.3434648968	303560.6869297936	303596.65086585726	15010255735890274	9822	9826	Linear model	NA	NA	cit_m22
0.007374935650035902	-0.6443333767051758	NA	22.032862614147124	2.928335738301804e-10	NA	NA	NA	NA	1129959175270751.3	5931	9826	Linear model with fixed effect	NA	NA	cit_m22
0.03428802904863746	0.033993065099049424	1641301674.469929	116.2448126170043	5.6691928570920074e-74	3	-156864.26406290013	313738.52812580025	313774.4920618639	26459202794959965e6	9822	9826	Linear model assets weighted	NA	NA	cit_m22
0.8839039433747977	0.8075187721325325	732643128.4908824	NA	NA	NA	-139068.16486333212	285936.32972666423	313988.1998563057	NA	NA	9826	Linear model assets weighted with fixed effect	0.0020732291040715944	NA	cit_m22
0.014039402556226991	0.01333643614941249	1236072.0072841959	19.971655003890355	8.84755947597166e-27	7	-151772.20397807498	303562.40795614995	303627.1430410645	15000667002606942	9818	9826	Event study	NA	NA	cit_m22
0.01563364075088452	-0.6328548842854229	NA	9.406869027718901	1.1349833782170711e-15	NA	NA	NA	NA	1120557841434141.4	5923	9826	Event study with fixed effects	NA	NA	cit_m22
0.03862164212071939	0.037936202264826635	1637948439.9894943	NA	NA	NA	-154155.28562230273	308326.57124460547	308384.1135423073	NA	NA	9826	Event study assets weighted	NA	NA	cit_m22
0.8846329168080977	0.8086304925948944	730524288.5109172	NA	NA	NA	-139052.05136743415	285910.1027348683	313983.551226148	NA	NA	9826	Event study assets weighted with fixed effects	0.008339265397710571	NA	cit_m22
