r.squared	adj.r.squared	sigma	statistic	p.value	df	logLik	AIC	BIC	deviance	df.residual	nobs	model	within.r.squared	pseudo.r.squared	population
0.10881395517976925	0.10823287321183594	2.268594691065067	187.26093939345353	1.428241760679446e-114	3	-10304.445459498984	20618.890918997968	20651.065408741415	23679.147134583927	4601	4605	Linear model	NA	NA	all
0.008938370714503544	-0.32179830278981036	NA	15.566769409038873	1.8609837287550279e-7	NA	NA	NA	NA	3609.155032769774	3452	4605	Linear model with fixed effect	NA	NA	all
0.22415963860998897	0.22365376573796758	2959.3551049861608	443.1145669352034	6.76669964700709e-253	3	-11931.11595035524	23872.23190071048	23904.40639045393	40294557914.71259	4601	4605	Linear model assets weighted	NA	NA	all
0.8533442676178995	0.8041186562555293	1486.503352368377	NA	NA	NA	-5975.071534315957	14266.143068631915	21717.75489321425	NA	NA	4605	Linear model assets weighted with fixed effect	0.003150661315968084	NA	all
0.10907372404468901	0.10771708190162022	2.2692506651666533	80.39977572711982	1.5571297893261502e-110	7	-10303.774213574987	20625.548427149974	20683.46250868818	23672.244978508694	4597	4605	Event study	NA	NA	all
0.022336594793113163	-0.3069576996435852	NA	7.868478257218255	1.299609819308005e-12	NA	NA	NA	NA	3560.3626404153506	3444	4605	Event study with fixed effects	NA	NA	all
0.2245532525004067	0.22337245475568246	2959.8912212535697	NA	NA	NA	-10767.686215381964	21551.372430763928	21602.851614353443	NA	NA	4605	Event study assets weighted	NA	NA	all
0.8567162689121374	0.8084557787663996	1469.954468290703	NA	NA	NA	-5963.620010704663	14249.240021409327	21720.156539837728	NA	NA	4605	Event study assets weighted with fixed effects	0.0260708513801714	NA	all
0.05643887076098005	0.05520545752014472	1.756799429487228	45.75828188998298	1.0233216923251697e-28	3	-4555.609841733732	9121.219683467463	9149.92083109128	7083.160020350062	2295	2299	Linear model	NA	NA	treat_a
0.018793667602293885	-0.28187160423532043	NA	16.845621670445816	5.665276243346494e-8	NA	NA	NA	NA	1214.194986404305	1759	2299	Linear model with fixed effect	NA	NA	treat_a
0.1416245299307622	0.1405024704927631	1875.6349488872627	126.21838481509027	1.132097149852216e-75	3	-4875.816156308823	9761.632312617647	9790.333460241463	8073824829.113411	2295	2299	Linear model assets weighted	NA	NA	treat_a
0.7793815165582674	0.7109570838374563	1087.6950826336174	NA	NA	NA	-2519.7620676073684	6129.524135214737	9257.94922621067	NA	NA	2299	Linear model assets weighted with fixed effect	0.003969503566284338	NA	treat_a
0.05607254593842089	0.05318843761086478	1.7586737048185803	19.441900084916266	2.0306167848568103e-25	7	-4556.056032924022	9130.112065848043	9181.774131570912	7085.9099612465325	2291	2299	Event study	NA	NA	treat_a
0.05578139537978741	-0.23918581006124984	NA	10.34434428977342	3.889810208301367e-17	NA	NA	NA	NA	1168.4244770393934	1751	2299	Event study with fixed effects	NA	NA	treat_a
0.14339314497800315	0.1407758390045618	1875.3366465108552	NA	NA	NA	-4865.548258050447	9747.096516100893	9793.018352299	NA	NA	2299	Event study assets weighted	NA	NA	treat_a
0.7906326083502073	0.7252277178690898	1060.5043650975572	NA	NA	NA	-2488.5990690535164	6073.198138107033	9218.843917677255	NA	NA	2299	Event study assets weighted with fixed effects	0.05476502336191824	NA	treat_a
0.04114480694113952	0.039880382510732115	1.7208675455773148	32.54034480169464	1.368281916045063e-20	3	-4468.865426843767	8947.730853687533	8976.388313833762	6737.151123933438	2275	2279	Linear model	NA	NA	treat_b
0.01179703789387755	-0.282693075599856	NA	10.475480391006657	3.0026022096765254e-5	NA	NA	NA	NA	1089.1108684754272	1755	2279	Linear model with fixed effect	NA	NA	treat_b
0.12019613187347161	0.11903595094846953	1803.6292069673384	103.60119640241696	7.258257114087513e-63	3	-4746.13048034633	9502.26096069266	9530.918420838889	7400753169.413307	2275	2279	Linear model assets weighted	NA	NA	treat_b
0.792706573776577	0.7301631857503099	998.202761354135	NA	NA	NA	-2378.3832094567133	5814.766418913427	8846.725702384394	NA	NA	2279	Linear model assets weighted with fixed effect	0.0010299870698178282	NA	treat_b
0.041271248513865294	0.038316118060143234	1.7222688274254603	13.965965009051377	7.852451872255613e-18	7	-4468.715154233547	8955.430308467094	9007.013736730305	6736.262714515658	2271	2279	Event study	NA	NA	treat_b
0.02600676602306682	-0.2700381150540663	NA	4.664695673170702	1.3527596431977414e-6	NA	NA	NA	NA	1073.4501490311168	1747	2279	Event study with fixed effects	NA	NA	treat_b
0.12221604916731399	0.11951041831930487	1803.1434445440884	NA	NA	NA	-4790.01107772017	9596.02215544034	9641.874091674305	NA	NA	2279	Event study assets weighted	NA	NA	treat_b
0.7936065051865397	0.730873279230073	996.8884777308923	NA	NA	NA	-2377.728383321836	5819.456766643672	8868.610526202378	NA	NA	2279	Event study assets weighted with fixed effects	0.00536685635036005	NA	treat_b
0.052521949703291056	0.05144649221146724	1.7570877279463122	48.83684395022037	1.0288604396519582e-30	3	-5245.93081851065	10501.8616370213	10531.267548032436	8159.885300817868	2643	2647	Linear model	NA	NA	treat_c
0.016817039103396533	-0.27275054527026077	NA	17.480992498077683	2.9668728538113492e-8	NA	NA	NA	NA	1399.4182990599784	2044	2647	Linear model with fixed effect	NA	NA	treat_c
0.1279713730073233	0.12698155617759266	1900.4805920504953	129.28793405356708	3.7945358554707915e-78	3	-5551.916206150978	11113.832412301956	11143.238323313091	9546057388.650269	2643	2647	Linear model assets weighted	NA	NA	treat_c
0.758374570923998	0.6864439012579198	1138.9623171921187	NA	NA	NA	-2905.074645256349	7026.149290512698	10601.908069466775	NA	NA	2647	Linear model assets weighted with fixed effect	0.003113000248073483	NA	treat_c
0.05224337944059454	0.04972943614998615	1.7586773346496722	20.781447073911114	2.199843469453275e-27	7	-5246.319886683581	10510.639773367162	10563.570413187206	8162.284407996245	2639	2647	Event study	NA	NA	treat_c
0.04781721494039976	-0.23746348195859635	NA	10.224491678093262	5.562464162953543e-17	NA	NA	NA	NA	1355.2940464378448	2036	2647	Event study with fixed effects	NA	NA	treat_c
0.12906869095847273	0.12675852833502033	1900.7233320648272	NA	NA	NA	-5587.961783463195	11191.92356692639	11238.973024544208	NA	NA	2647	Event study assets weighted	NA	NA	treat_c
0.7681302308832108	0.6986604081124634	1116.5542457076708	NA	NA	NA	-2874.4553281897693	6970.9106563795385	10564.312981940297	NA	NA	2647	Event study assets weighted with fixed effects	0.04336245008673534	NA	treat_c
0.10299594768555416	0.10178975666944334	2.221699255309412	85.38941702421663	2.6704761734606142e-52	3	-4953.464495039406	9916.928990078812	9945.48897261405	11012.099053305586	2231	2235	Linear model	NA	NA	cit_m22
0.02932878141728911	-0.6378243975179578	NA	20.002296273494387	2.7654446741760853e-9	NA	NA	NA	NA	1201.5920578428415	1324	2235	Linear model with fixed effect	NA	NA	cit_m22
0.22798523988811478	0.22694712053341493	3093.710253512215	219.61370709055245	7.985592748223417e-125	3	-5682.413621033653	11374.827242067306	11403.387224602544	21352997229.023834	2231	2235	Linear model assets weighted	NA	NA	cit_m22
0.8972234687474318	0.8259266331931482	1468.0511927885138	NA	NA	NA	-2478.1565896646166	6788.313179329233	12020.501979784898	NA	NA	2235	Linear model assets weighted with fixed effect	0.008522200618512277	NA	cit_m22
0.10415971750339871	0.10134387467561423	2.2222506255444	36.990600638512646	2.872477887494932e-49	7	-4952.013713252221	9922.027426504443	9973.435395067872	10997.811995765227	2227	2235	Event study	NA	NA	cit_m22
0.045109758209339164	-0.620991489483538	NA	6.216886423738811	2.4169760240508765e-9	NA	NA	NA	NA	1182.0568166454982	1316	2235	Event study with fixed effects	NA	NA	cit_m22
0.22952479876884346	0.22710300873354128	3093.398310273079	NA	NA	NA	-5123.64162103229	10263.28324206458	10308.97921412096	NA	NA	2235	Event study assets weighted	NA	NA	cit_m22
0.8997037587482304	0.829740271309686	1451.880940589802	NA	NA	NA	-2470.995035475536	6779.990070951072	12029.31486092788	NA	NA	2235	Event study assets weighted with fixed effects	0.03244937973079942	NA	cit_m22
